1015
957
1058
879
971
922
961
958
964
933
974
1015
979
970
981
990
937
921
1014
961
985
992
956
1015
940
944
995
938
974
992
1013
954
1030
953
964
955
964
931
945
952
943
1002
956
928
951
915
938
976
980
917
960
917
952
941
1056
984
918
941
973
979
926
922
980
934
976
983
1031
954
995
988
948
973
1016
1028
986
983
957
961
952
935
981
924
990
950
958
996
944
1027
925
988
1004
968
974
976
1002
971
951
985
948
941
974
945
941
958
970
948
982
955
1016
969
947
957
1007
1019
999
967
960
944
930
914
939
930
941
988
1028
983
966
994
970
1029
949
984
999
959
1001
916
1031
991
964
1003
962
959
1011
972
956
925
948
1010
958
958
961
953
960
973
945
993
1009
955
950
962
943
942
947
975
923
991
941
950
995
916
968
981
942
937
951
959
921
944
1040
995
1013
949
965
949
1055
1012
963
954
964
938