128598
10469
5124
3305
2337
1711
1476
1182
1020
908
828
664
634
535
571
465
418
436
390
345
349
300
282
249
263
227
251
233
216
198
197
181
177
184
163
158
163
144
150
154
122
132
114
124
146
109
128
115
104
110
93
96
101
78
96
78
71
91
77
71
79
66
64
85
78
65
75
75
74
59
63
70
63
52
65
66
58
63
63
52
50
48
46
56
64
57
65
43
55
51
45
47
53
63
44
49
31
44
41
41
44
52
28
46
35
24
46
37
37
35
37
35
30
29
44
32
35
39
38
38
30
24
29
30
32
35
32
32
25
35
24
33
40
28
35
20
26
37
25
20
31
27
31
30
25
25
22
26
31
30
23
38
27
27
31
22
24
23
18
29
26
23
15
26
28
19
30
22
18
29
19
18
22
20
18
22
20
17
12
17
24
26
25
15
21
18
18
18
16
17
18
22
23
29
22
21
18
19
21
19
18
18
16
13
14
16
13
17
19
16
24
21
13
18
33
15
14
18
11
15
16
13
18
22
15
12
14
19
12
12
12
15
13
10
10
20
16
15
18
22
22
15
23
14
18
16
10
18
16
21
15
11
14
12
10
12
12
8
21
13
15
15
4
12
8
11
13
13
8
17
9
8
9
6
17
17
9
13
19
15
10
8
10
13
12
5
11
5
20
17
16
10
10
10
10
8
8
21
8
11
12
13
9
12
10
9
13
17
8
9
9
16
7
13
11
14
5
11
7
11
10
8
8
10
15
9
11
18
9
12
15
12
7
10
11
10
16
13
6
8
9
8
7
9
11
7
7
10
6
8
10
11
9
12
12
6
4
6
5
14
7
6
6
7
7
9
5
11
8
5
11
12
11
10
11
3
9
7
10
10
12
10
5
13
8
6
10
5
7
8
6
9
12
5
9
5
7
7
10
3
11
8
9
12
10
5
14
8
9
8
5
10
8
8
2
6
13
3
7
7
7
13
10
5
8
8
10
7
3
7
9
10
5
10
7
12
5
6
9
1
5
9
12
2
6
9
6
8
2
6
9
3
4
6
2
3
7
5
7
8
5
10
11
10
5
8
5
9
1
6
8
5
4
6
7
6
5
7
3
3
7
3
7
8
4
8
4
9
3
12
3
7
5
12
5
4
5
4
8
9
9
7
7
3
4
3
7
8
10
4
6
3
4
3
5
8
9
6
4
7
4
5
8
7
8
3
3
11
5
10
7
6
8
1
2
4
2
7
4
5
6
3
4
7
5
7
2
6
8
3
3
4
5
4
4
5
6
7
6
5
5
8
6
4
9
0
6
5
4
8
5
7
7
5
5
4
10
6
2
5
1
5
7
5
8
5
8
3
4
7
4
9
3
8
4
6
3
4
4
9
7
5
2
0
9
3
4
5
7
2
7
6
4
10
6
7
10
5
3
6
4
6
5
6
6
6
8
5
5
4
6
7
6
3
6
6
7
4
3
8
5
2
4
9
4
3
4
7
3
3
2
5
6
7
4
2
5
6
8
8
2
5
5
11
11
4
3
3
4
5
3
4
8
7
5
5
2
2
5
6
2
3
6
5
4
4
2
5
4
2
5
6
4
7
6
12
2
2
3
4
5
5
8
8
2
9
3
3
5
6
7
3
4
2
5
4
6
5
3
4
6
5
2
3
3
6
8
3
3
3
3
4
3
6
3
3
5
3
2
2
3
3
6
5
2
6
2
5
4
2
4
2
3
5
2
4
2
2
5
3
6
6
5
6
5
9
2
3
5
6
3
5
8
6
3
4
3
3
3
6
5
9
10
0
4
7
5
4
5
1
6
1
7
2
5
3
2
4
4
2
5
3
6
4
1
4
5
6
4
5
0
2
2
1
1
5
2
4
2
3
6
5
5
5
3
6
5
6
4
4
6
3
4
3
4
2
2
2
7
2
5
4
2
5
4
4
4
1
4
4
1
5
4
8
5
8
0
1
3
5
4
5
5
5
2
3
5
3
3
6
5
5
5
3
2
5
3
0
3
3
5
5
2
5
2
2
1
2
4
5
7
3
2
3
6
5
2
6
0
5
1
6
1
2
2
3
3
3
4
4
4
2
3
6
4
2
4
3
3
3
4
2
4
4
3
6
2
3
0
4
2
2
5
3
5
6
5
2
4
7
4
3
4
2
5
2
5
6
4
6
3
4
3
4
0
3
2
5
1
4
6
3
1
4
4
4
3
5
2
1
3
1
1
2
2
4
2
1
2
7
2
2
5
2
4
5
8
3
4
1
3
1
3
3
3
3
1
6
4
2
3
4
1
4
6
3
3
4
5
2
3
3
5
2
4
3
3
4
0
2
3
3
3
3
3
4
6
0
0
2
4
4
2
1
1
5
1
2
2
4
2
3
4
7
1
4
4
6
5
3
2
3
4
5
2
2
4
2
2
2
9
4
5
8
3
2
1
3
4
4
6
5
4
3
0
1
1
3
2
1
4
6
4
5
2
3
6
4
4
3
6
1
5
5
7
2
2
6
4
1
4
2
2
4
2
1
1
3
5
2
0
2
4
5
6
6
0
5
4
2
1
4
1
8
1
2
8
3
1
1
5
1
1
3
2
4
4
3
2
3
4
1
3
1
0
1
2
1
1
3
2
2
5
2
1
5
1
3
2
3
5
4
1
3
0
5
5
2
3
4
6
2
2
6
3
1
2
3
3
3
7
3
2
1
5
6
3
1
5
7
2
2
5
2
3
4
3
4
4
3
2
1
2
5
2
1
2
0
0
6
4
3
3
2
6
1
0
4
0
3
2
3
3
6
5
1
2
1
3
3
5
2
3
1
2
2
2
11
1
3
2
4
3
1
2
1
3
5
0
2
5
2
3
2
6
3
1
4
1
2
2
3
2
1
4
2
3
2
3
5
3
4
0
1
3
4
3
4
3
1
4
4
3
2
5
2
3
3
2
3
4
1
3
4
3
2
2
5
2
1
4
2
4
3
5
6
4
4
4
5
3
4
2
2
4
0
5
2
0
5
5
4
5
3
5
3
2
3
1
3
2
2
1
5
3
1
2
1
3
4
1
3
7
3
2
2
4
4
0
4
2
3
2
2
4
3
2
0
2
2
3
4
4
3
2
3
4
2
1
1
0
1
1
1
2
1
2
3
2
2
3
4
1
3
2
3
1
5
1
3
2
1
1
2
3
4
3
1
3
1
4
1
4
5
3
5
3
2
6
2
2
1
2
2
5
4
2
5
6
0
2
4
3
3
4
4
1
1
3
0
4
2
3
2
4
2
6
4
4
3
4
3
3
1
1
1
3
3
2
2
3
0
2
6
0
4
3
0
2
3
1
2
3
1
4
3
2
2
3
1
1
2
3
0
4
3
7
3
4
5
2
3
2
3
5
2
3
2
2
3
1
4
1
3
3
1
2
2
2
1
0
0
1
1
1
2
4
4
3
0
2
4
3
0
1
0
1
3
2
5
2
2
3
6
1
3
1
3
4
5
4
2
3
5
3
1
1
1
4
3
1
2
0
1
2
4
3
0
0
4
2
0
3
0
1
3
1
1
2
2
2
5
2
0
3
2
2
2
0
2
4
2
2
5
3
3
2
2
2
0
4
1
3
5
0
2
1
3
0
3
3
5
4
0
2
2
4
4
6
2
3
1
4
3
4
3
3
2
2
3
4
1
5
4
0
1
4
0
2
3
1
3
1
4
0
1
3
2
1
2
1
2
1
3
1
5
3
1
2
3
2
2
2
3
2
1
1
1
3
1
2
4
2
1
1
3
6
5
1
2
5
3
4
4
3
3
0
0
2
1
4
1
1
1
2
2
0
1
2
4
1
5
2
3
5
0
2
1
1
2
2
0
1
0
4
2
4
0
3
2
1
0
1
1
1
3
3
2
4
3
4
1
2
3
3
3
1
5
2
1
0
3
2
6
2
1
3
2
2
1
0
6
2
1
3
4
4
2
2
3
0
0
3
1
4
1
2
2
1
1
2
2
1
1
1
2
1
1
4
0
3
2
2
1
1
4
4
1
2
5
6
1
0
2
2
3
1
1
1
5
4
0
3
1
4
4
2
3
2
3
1
1
4
1
2
3
4
2
2
1
0
1
3
2
0
0
1
4
3
1
1
0
2
1
1
4
1
1
0
1
2
2
0
4
2
0
2
0
3
1
5
2
1
2
2
1
2
1
2
2
1
3
3
1
5
4
2
2
4
1
2
4
3
2
5
2
3
3
3
2
1
4
2
1
1
6
1
2
2
2
1
3
0
4
0
4
1
5
2
1
3
4
0
2
2
1
1
1
6
4
2
1
2
1
1
0
2
0
2
3
3
0
0
1
2
1
3
2
1
1
2
4
4
4
4
2
2
4
0
2
4
3
2
2
0
0
4
0
2
1
2
1
0
2
3
2
3
1
1
1
2
1
2
2
4
4
2
2
1
4
3
4
6
1
2
3
1
2
0
0
2
2
0
2
3
2
2
5
4
4
4
3
2
1
2
2
2
1
1
1
1
1
2
3
1
1
1
3
1
3
3
0
2
2
0
0
0
2
4
3
2
0
1
2
2
3
3
1
3
4
0
1
2
2
1
4
2
2
1
2
0
2
1
0
1
3
0
1
0
4
4
4
4
2
0
0
1
3
5
1
0
2
3
2
0
1
0
3
1
2
3
3
1
4
2
1
0
2
5
3
1
0
0
1
1
4
2
1
2
0
1
2
2
2
3
2
3
3
1
1
5
0
2
2
1
0
3
2
1
1
2
1
2
0
6
3
0
2
4
3
3
0
5
5
1
2
2
4
1
2
3
1
1
1
0
3
1
1
3
4
1
0
1
1
1
1
2
1
0
3
1
1
3
1
2
3
2
2
2
2
3
0
1
5
1
3
5
3
1
2
0
1
2
1
2
1
1
1
2
2
3
1
0
1
0
1
0
5
2
1
3
2
5
3
4
2
1
4
1
1
2
4
0
2
0
2
2
3
5
3
3
1
2
5
1
3
0
3
0
1
4
0
3
1
0
4
1
1
1
0
3
0
1
1
0
0
4
4
1
2
3
2
1
3
2
3
2
3
1
1
2
5
0
3
0
0
0
5
3
2
4
4
3
2
2
0
1
2
0
2
1
2
3
0
3
0
2
2
0
2
0
3
4
1
0
1
2
1
0
1
0
0
1
1
0
1
3
2
0
3
2
1
0
1
0
1
1
4
2
1
1
0
0
1
3
3
2
2
2
3
0
4
3
1
2
3
1
0
2
0
2
2
2
1
1
4
3
2
2
0
2
2
2
0
1
2
3
4
1
0
1
3
1
3
5
4
5
0
1
3
1
4
1
3
3
4
2
1
1
1
1
3
3
0
2
1
5
3
2
3
1
1
3
3
1
2
5
0
1
3
1
4
3
5
0
2
1
2
2
3
2
1
1
3
3
2
2
1
2
1
3
0
4
4
1
1
0
1
1
0
0
3
4
3
0
2
1
2
1
1
0
0
4
0
0
0
1
0
1
1
2
1
2
0
1
7
2
1
1
1
1
1
4
0
1
3
1
1
4
2
2
3
2
1
0
2
3
2
0
2
3
4
0
1
1
2
3
2
2
0
2
1
2
1
3
1
2
0
2
3
3
2
3
3
2
0
1
2
0
1
3
0
0
1
4
3
4
0
2
0
3
5
0
1
1
3
2
2
1
3
2
2
4
0
2
3
0
1
0
1
7
0
2
0
2
1
1
1
3
1
2
2
1
5
1
0
0
4
2
2
3
0
4
2
1
0
1
1
1
1
0
2
2
1
3
2
0
0
2
2
2
3
2
2
2
1
0
3
1
1
2
1
3
4
0
3
3
2
2
3
1
4
3
2
0
3
2
1
3
1
1
1
3
4
1
1
2
2
1
3
1
3
1
1
3
0
1
0
3
3
2
1
0
3
1
0
2
2
3
2
0
3
2
1
1
1
5
0
3
0
2
1
1
1
1
2
1
1
1
0
1
1
1
0
0
1
3
0
2
0
1
2
0
1
1
0
3
1
2
2
3
2
1
3
3
0
2
1
1
2
0
3
1
2
2
2
1
1
1
1
2
2
0
1
3
0
1
0
0
0
2
1
0
2
3
2
0
3
1
0
1
3
1
0
2
0
2
1
1
3
2
0
4
2
0
0
0
0
3
1
1
2
0
5
1
1
0
2
2
1
2
1
2
3
3
2
1
1
0
0
2
5
2
2
1
1
1
1
0
2
3
4
1
2
2
1
0
1
1
2
1
0
0
1
4
1
2
1
2
0
5
1
3
4
0
0
0
1
0
1
0
1
0
1
1
3
1
1
0
0
2
1
0
2
2
3
1
1
3
2
1
2
1
0
3
2
1
0
0
3
0
2
2
1
2
0
3
3
4
2
0
0
0
1
1
5
0
0
2
3
3
3
2
2
3
2
0
1
0
0
0
2
3
0
1
1
3
1
1
0
2
3
1
3
0
1
1
1
1
2
3
3
2
3
3
2
0
1
1
2
1
2
1
1
0
0
4
2
0
0
3
0
0
4
1
2
0
1
6
2
1
1
2
3
1
2
1
2
2
1
3
1
0
2
3
1
2
1
2
3
2
1
0
1
3
3
1
0
1
1
4
0
0
4
1
1
0
1
1
3
5
1
0
1
0
0
2
1
1
0
1
3
1
0
4
3
1
0
4
2
1
0
1
0
1
1
2
2
2
3
2
1
3
1
2
0
4
5
1
1
2
1
2
1
0
3
2
1
2
4
1
4
3
4
2
1
0
2
2
1
4
0
1
2
1
2
2
2
3
2
2
0
3
1
1
0
2
0
0
0
1
1
2
0
2
0
3
4
0
2
2
1
0
3
1
1
1
1
2
2
1
2
1
0
0
1
1
2
1
1
3
1
2
2
2
1
1
2
1
1
0
0
3
6
4
0
1
1
0
0
2
1
0
0
2
0
0
0
4
0
0
0
0
3
1
0
4
0
1
1
3
1
0
2
1
1
0
1
5
0
3
1
1
5
0
3
2
0
1
2
2
1
1
4
1
3
1
2
3
0
1
1
1
4
1
2
0
0
1
4
1
2
0
0
0
1
1
1
0
1
1
3
2
1
2
0
2
1
3
4
0
1
1
2
2
1
1
0
8
1
1
0
0
0
1
1
5
1
1
1
1
1
4
3
0
1
2
2
1
0
2
1
1
3
1
1
3
1
2
2
1
1
2
2
3
1
3
3
1
3
0
1
0
1
0
1
0
0
0
1
2
3
2
3
2
0
1
0
2
2
1
2
1
0
3
2
0
0
1
2
1
1
0
2
1
2
5
2
2
2
1
2
3
2
2
2
2
0
1
0
1
7
2
3
3
1
1
2
0
1
3
1
1
2
2
0
2
0
1
2
2
3
3
0
0
3
1
0
2
2
1
2
0
3
1
0
3
1
1
1
0
0
1
1
3
1
3
1
2
1
1
0
0
1
0
1
1
0
1
0
1
1
1
0
1
1
2
4
1
2
2
1
2
0
2
1
0
1
2
3
2
1
0
3
2
2
0
1
1
2
2
0
3
4
2
1
1
0
1
0
1
1
0
1
2
1
0
3
6
1
3
2
0
2
0
1
0
1
0
1
2
1
2
1
2
0
0
4
3
2
2
2
1
2
0
5
0
0
1
0
1
1
1
0
4
0
0
3
7
0
2
4
0
4
0
2
0
0
3
0
1
1
1
2
3
1
1
2
2
2
1
2
2
1
2
0
5
1
1
1
1
2
2
0
2
3
3
3
3
3
1
1
1
0
0
2
2
1
1
3
3
0
0
0
0
3
1
1
1
1
0
2
4
0
0
0
0
3
1
1
0
0
1
1
2
0
0
0
2
4
1
2
1
1
2
1
0
5
1
2
3
0
0
2
2
2
2
1
0
0
1
3
1
1
1
1
1
1
0
4
2
0
1
0
0
1
1
2
3
2
1
2
2
2
1
0
2
2
2
1
1
2
2
0
2
1
0
1
3
2
0
2
2
1
3
3
0
3
2
1
2
2
3
2
1
1
4
2
0
1
2
0
1
2
1
0
1
1
1
2
1
0
2
1
3
3
1
1
1
2
1
0
1
0
3
1
1
0
4
2
1
2
1
2
2
3
1
1
1
1
0
0
1
4
3
0
0
1
5
3
1
4
1
1
2
2
0
1
0
3
2
1
2
0
2
2
1
2
2
1
1
2
0
1
1
2
2
0
3
0
0
0
2
1
1
1
3
4
0
2
2
0
2
3
0
1
0
1
2
3
0
3
0
1
0
2
3
1
3
2
4
2
2
1
1
2
0
1
0
3
0
1
0
2
2
0
2
1
2
0
1
1
2
1
1
0
0
2
2
1
1
3
1
1
1
2
1
3
1
1
3
2
1
0
0
3
5
0
0
1
0
3
0
1
0
3
3
1
2
0
0
0
2
0
1
1
1
1
1
1
0
2
2
0
1
1
0
3
0
0
0
1
3
5
1
1
1
1
0
2
3
2
1
2
1
1
0
0
2
0
0
0
0
4
0
1
1
0
0
2
0
1
1
1
3
1
1
0
4
1
0
1
1
3
1
2
1
4
4
1
0
1
0
2
2
2
1
3
2
1
1
1
0
1
0
0
3
0
0
2
1
2
1
0
2
0
2
0
0
1
3
1
3
0
2
4
1
1
1
2
0
1
0
1
1
1
0
1
1
1
1
1
2
0
1
2
1
2
1
2
1
0
2
1
2
2
0
0
1
2
0
1
2
4
2
3
0
3
4
1
1
1
0
3
2
3
4
1
1
2
2
0
0
1
1
0
4
0
0
4
0
2
2
0
1
1
3
1
1
1
1
0
0
3
0
1
1
0
1
3
2
4
1
1
0
0
0
1
3
3
1
4
0
1
1
3
1
0
2
1
0
0
1
1
1
2
3
1
3
0
1
2
1
3
2
0
2
3
2
1
0
3
0
1
0
3
2
3
1
1
1
1
1
3
1
2
1
0
3
0
0
0
0
2
2
2
1
6
2
1
0
1
0
2
1
3
0
1
1
0
0
0
2
0
3
2
1
2
2
2
1
1
1
2
1
2
0
1
0
2
0
2
1
1
2
2
1
1
0
4
1
4
1
0
0
2
1
0
3
1
3
2
0
2
2
2
0
0
1
0
3
1
3
0
2
0
2
1
0
2
2
1
3
3
1
2
2
0
2
0
2
0
0
1
2
0
3
1
2
0
3
4
1
1
2
3
0
1
1
1
1
1
3
1
3
1
3
3
0
1
2
1
4
0
2
1
0
1
3
0
2
2
0
2
3
3
2
1
2
1
2
0
0
1
2
2
0
2
5
1
0
0
2
3
1
1
3
3
1
3
2
3
0
0
2
0
4
1
0
1
1
2
0
2
2
2
2
2
1
3
1
1
1
0
2
1
1
2
1
2
2
0
0
2
2
2
2
1
2
0
2
3
1
1
1
0
1
0
0
2
0
1
0
3
0
2
1
0
2
1
1
1
3
0
1
0
3
0
1
2
2
2
1
2
0
4
0
2
2
2
2
2
4
1
0
0
0
1
1
2
1
0
0
2
0
0
0
1
0
2
1
2
2
0
1
1
0
1
1
0
0
3
2
1
2
2
0
2
1
0
0
2
0
0
0
1
2
0
3
2
2
2
1
3