132665
10438
4931
3162
2437
1674
1423
1247
998
889
747
654
616
566
460
422
394
412
389
360
297
275
316
280
256
207
204
214
196
225
185
185
173
171
158
166
162
167
140
123
129
137
140
97
126
122
91
115
109
107
99
102
97
94
96
95
78
91
76
88
79
81
90
58
63
68
63
61
80
62
51
58
69
71
62
57
68
54
63
51
58
56
47
50
62
38
48
61
57
37
38
43
37
44
41
43
43
36
49
38
37
39
48
36
45
40
30
36
44
41
40
36
32
23
33
31
39
21
35
36
41
31
25
34
29
29
31
26
41
20
31
34
26
33
36
19
29
26
31
24
26
23
29
17
24
29
19
29
24
34
23
26
22
26
22
21
19
24
26
17
17
17
16
26
18
23
29
31
19
36
16
26
21
10
17
18
16
19
25
18
19
22
20
11
27
15
16
25
19
15
21
28
23
23
16
22
13
12
16
13
16
24
11
16
20
20
22
17
19
20
21
16
11
16
16
14
11
16
24
13
19
23
13
11
26
16
16
11
11
12
11
15
7
19
12
19
9
13
8
15
13
11
15
16
14
18
20
15
9
18
18
16
14
14
20
14
11
14
12
15
21
16
16
10
10
19
13
14
13
8
9
8
11
13
17
12
10
11
17
22
11
13
5
11
11
13
8
11
6
7
10
11
13
12
6
9
10
15
16
12
9
12
7
9
17
9
6
10
11
12
5
11
17
9
12
10
13
5
18
16
9
6
7
12
14
17
12
5
8
8
15
10
6
15
10
8
14
9
12
11
12
9
4
7
10
7
13
8
8
7
14
9
6
12
11
5
13
11
14
17
9
2
7
9
8
13
7
2
6
10
8
5
7
14
14
5
10
11
12
4
5
9
7
10
6
7
3
8
3
10
5
5
8
2
6
8
7
4
16
8
9
11
8
5
4
4
6
7
6
5
6
4
6
8
10
7
7
3
8
3
9
7
8
9
6
2
10
10
7
9
8
3
7
8
6
5
8
7
4
9
7
8
10
4
7
6
6
11
5
5
4
7
6
3
8
13
6
8
7
5
5
8
10
11
1
9
5
4
4
8
7
8
10
7
7
8
13
12
9
8
7
9
3
7
6
11
8
6
8
11
10
3
6
5
2
2
3
8
6
8
4
4
5
5
7
7
8
7
6
7
14
7
3
5
5
9
5
5
11
1
8
8
5
7
5
2
9
3
6
5
8
8
4
8
2
12
6
2
8
7
9
6
8
6
8
4
7
7
6
9
4
6
6
10
4
4
4
5
2
2
3
7
9
1
4
8
10
9
8
4
7
8
2
4
7
5
7
6
6
6
4
7
6
7
3
3
3
3
3
5
8
6
5
5
5
7
5
5
3
6
5
4
5
4
4
5
1
3
6
2
6
2
3
3
4
7
4
4
7
4
4
6
4
4
4
6
4
4
4
4
5
6
3
3
5
3
3
4
6
4
6
11
2
2
2
6
8
7
5
6
4
5
7
9
6
7
5
4
5
7
5
2
6
4
3
6
4
5
1
6
3
4
5
6
4
4
2
5
2
7
6
8
7
6
4
7
3
9
3
4
3
3
3
2
5
9
0
1
5
5
3
6
4
1
5
4
4
4
3
2
5
3
3
4
0
8
5
4
3
0
6
3
6
4
7
1
2
1
0
3
3
4
6
5
2
2
5
5
6
2
7
5
7
1
2
7
4
7
5
4
4
4
3
4
3
8
4
5
4
3
0
3
6
2
4
6
4
3
5
3
2
7
5
4
5
4
3
6
5
5
1
2
3
6
4
8
3
2
5
2
2
3
3
2
3
6
2
6
3
4
6
1
2
3
5
3
2
7
1
6
3
5
4
2
3
4
4
3
9
4
5
6
5
5
2
7
3
6
2
3
6
5
0
3
6
3
5
4
5
1
3
5
2
1
7
2
3
5
3
3
4
3
3
4
1
5
3
3
7
3
5
6
3
6
8
2
5
3
1
6
2
4
2
3
1
4
3
5
5
3
9
5
5
6
4
2
3
4
2
1
3
6
3
0
3
2
5
2
3
4
2
6
5
6
3
4
3
4
2
3
6
5
5
4
5
0
7
2
3
2
4
0
3
5
1
6
6
2
4
3
4
4
1
1
0
4
4
4
4
7
4
7
4
4
4
2
6
3
3
2
6
3
5
5
1
3
5
9
3
1
5
3
1
4
2
0
5
5
5
4
0
2
1
2
1
2
2
2
2
0
1
3
2
3
1
4
2
5
1
3
3
4
2
4
3
4
5
5
7
2
2
4
2
2
6
0
3
4
4
3
4
4
2
2
7
6
3
5
1
4
1
1
1
2
1
5
4
3
5
3
4
5
0
3
8
3
4
2
2
1
1
5
5
3
5
2
4
6
3
3
2
3
4
3
1
2
3
2
4
1
2
2
1
2
4
2
0
1
3
2
5
4
2
2
2
6
1
3
2
2
4
1
3
4
5
2
2
2
4
2
4
3
4
2
2
0
3
5
2
2
2
2
2
3
3
4
0
3
5
2
2
2
0
2
3
4
2
5
1
4
4
4
3
1
4
5
6
2
2
1
4
3
7
4
5
3
0
4
2
1
3
4
1
6
1
1
3
1
6
1
3
3
2
2
2
1
3
3
3
2
3
5
3
6
2
3
2
3
2
2
3
1
4
2
1
2
0
2
0
3
3
6
1
2
4
0
1
2
2
8
2
2
4
1
3
3
1
1
0
0
1
4
3
4
2
2
1
6
4
6
1
2
3
5
2
2
1
1
0
2
4
0
1
3
4
1
1
5
4
1
2
2
0
2
2
5
6
5
2
0
0
2
2
3
2
3
3
3
1
2
4
5
3
0
4
2
2
6
3
2
1
2
0
3
3
3
2
3
4
5
2
3
1
3
3
3
6
5
3
4
2
3
1
2
0
0
4
4
7
4
3
2
1
3
2
1
2
5
3
2
3
3
4
0
3
3
1
5
3
4
2
3
5
2
0
2
2
2
3
1
0
0
3
3
1
4
3
5
1
2
0
2
1
3
3
0
3
3
0
3
4
2
1
2
2
1
1
3
2
3
1
4
3
0
2
1
2
3
3
3
4
1
6
0
3
4
0
0
2
9
4
2
2
1
1
0
1
4
5
3
3
3
1
3
0
2
6
1
3
1
2
5
4
2
4
1
2
2
3
1
3
2
0
1
3
2
4
3
2
3
3
2
2
3
3
1
2
0
2
3
4
1
1
2
2
2
4
2
3
4
3
6
6
2
1
4
2
1
1
2
0
3
3
5
1
4
2
0
2
2
1
1
3
2
6
1
0
1
4
0
1
6
3
4
2
3
4
1
2
3
2
6
0
3
2
2
3
1
3
0
3
3
5
1
2
2
2
3
1
2
2
3
3
3
2
1
4
0
0
4
3
2
2
3
2
2
1
2
4
6
3
3
1
4
3
1
1
1
1
4
3
0
2
7
1
4
4
0
1
1
4
0
0
1
0
0
3
2
2
3
4
3
3
1
0
0
5
4
3
1
1
1
3
1
0
3
2
4
3
5
2
2
4
2
5
1
0
3
4
2
1
1
4
0
3
0
0
1
3
3
0
1
1
3
0
0
2
2
0
0
5
3
2
1
1
2
1
2
2
1
1
0
1
2
3
3
1
2
1
0
3
3
3
4
2
3
4
2
1
2
1
2
2
3
2
2
2
2
1
1
4
3
0
4
1
3
1
1
1
3
2
0
1
3
2
4
0
3
2
3
2
2
1
3
0
2
4
4
1
3
3
3
2
4
0
2
4
1
0
2
0
0
5
1
6
2
4
3
4
2
2
1
4
5
3
2
3
1
3
2
2
3
1
3
0
2
2
3
3
2
3
3
2
2
4
3
0
2
3
1
2
1
3
2
1
3
1
5
1
2
2
2
1
3
1
3
2
0
0
3
1
4
4
0
2
2
2
3
2
3
1
1
2
6
1
1
6
0
2
0
2
3
0
0
3
1
1
1
4
1
6
1
3
0
5
0
1
0
1
2
3
2
0
5
3
1
6
3
1
1
4
3
2
1
4
2
0
0
3
1
1
1
0
1
3
2
0
0
3
1
2
2
0
3
1
1
1
4
2
2
0
2
2
2
0
2
0
2
1
1
0
2
3
4
0
4
0
2
2
3
0
1
6
3
4
1
3
2
0
2
2
1
4
3
1
3
2
1
1
3
2
3
3
1
2
1
3
4
3
1
4
1
2
5
3
3
3
5
4
1
0
2
3
0
1
3
1
2
2
2
1
3
4
3
4
4
3
1
2
0
1
1
4
0
0
4
1
2
3
2
3
1
0
2
3
0
3
3
1
6
1
2
1
3
1
0
3
1
5
2
0
1
1
2
1
2
0
6
2
3
3
0
2
3
1
2
3
3
3
3
2
1
3
4
2
1
1
3
1
0
1
2
1
0
1
5
2
0
4
0
1
2
1
1
2
2
2
2
1
0
0
4
1
1
2
2
1
1
3
0
3
1
0
3
0
1
3
2
4
0
2
2
5
3
1
0
1
0
3
2
3
3
2
1
0
1
3
2
1
1
4
2
2
1
1
3
2
0
1
5
3
2
3
0
1
4
1
2
2
3
1
1
5
1
0
1
1
3
0
1
3
1
3
3
2
1
0
1
3
1
2
3
2
2
0
1
0
2
3
1
2
1
1
2
1
3
2
1
0
1
0
2
2
3
1
2
1
1
2
0
2
3
2
0
4
1
1
3
2
0
1
1
2
1
2
2
3
1
4
0
2
3
3
1
1
6
3
1
0
1
1
3
0
3
1
2
2
1
1
2
0
1
2
3
0
4
4
2
0
0
1
1
1
2
2
2
0
3
0
1
3
0
3
1
1
0
3
2
0
1
3
1
2
0
1
2
2
3
1
2
0
1
4
2
3
0
2
5
1
4
1
1
0
1
1
1
1
1
1
2
1
2
2
1
1
1
3
4
2
1
0
1
2
1
2
5
1
1
2
5
2
0
2
4
4
0
3
6
7
1
1
3
2
6
2
2
1
3
5
3
0
2
2
3
1
0
1
4
1
2
1
2
1
4
2
2
3
1
3
2
1
1
2
0
1
1
4
2
2
2
5
1
0
5
1
2
4
3
3
2
3
2
0
1
1
4
1
4
3
1
0
3
2
0
3
1
0
1
1
0
2
2
1
2
0
0
3
4
3
3
1
1
2
1
2
1
2
0
2
1
1
1
0
3
5
1
2
1
3
3
2
1
4
2
2
0
0
0
0
2
1
1
1
1
0
1
0
2
2
3
1
2
1
2
1
3
0
0
3
1
2
3
1
3
2
1
0
4
2
0
2
1
0
3
3
2
2
2
5
3
0
1
2
2
1
3
2
2
0
1
3
1
3
1
4
0
0
3
2
1
0
0
1
0
1
2
3
2
0
4
1
3
1
2
3
3
0
1
0
2
2
2
3
1
1
1
4
1
4
1
4
2
1
2
1
2
1
1
0
0
2
1
1
2
5
0
2
1
3
1
3
1
0
4
2
4
1
0
4
2
3
1
2
1
0
3
1
0
4
2
1
2
0
2
2
0
1
2
2
3
2
0
1
1
6
0
3
2
0
4
1
1
0
0
0
1
0
2
1
0
2
2
2
2
3
0
1
3
1
0
1
2
5
3
1
3
1
1
0
1
3
1
1
3
4
3
1
2
0
3
3
2
2
1
2
1
1
2
5
2
5
1
1
3
2
1
1
0
1
0
1
3
0
3
3
3
2
0
4
3
0
0
1
3
3
0
1
2
1
2
4
1
4
1
1
3
2
1
1
3
0
0
1
2
0
1
0
2
2
2
7
1
1
1
4
3
2
4
3
2
1
2
3
1
2
4
1
1
3
0
2
0
1
3
1
0
1
2
1
1
1
0
1
2
3
0
3
1
2
2
1
0
1
3
3
3
0
0
1
2
1
2
1
3
0
1
1
2
2
1
1
1
1
3
1
2
5
0
1
0
1
2
1
1
1
0
1
0
2
1
0
2
1
1
2
1
2
1
1
0
1
4
2
2
2
1
1
2
2
3
2
1
2
1
1
1
2
3
1
2
0
2
1
2
0
3
1
0
3
1
2
5
2
2
1
2
0
2
4
0
2
2
1
1
2
3
1
1
1
1
1
1
0
0
4
1
1
5
4
2
0
0
0
2
2
2
2
3
1
3
2
1
2
2
1
2
1
2
3
1
4
3
1
2
0
3
1
1
2
2
4
0
1
2
0
1
2
4
2
1
0
1
1
2
1
1
1
2
2
2
1
3
1
2
1
0
0
2
0
4
3
1
1
4
0
2
2
2
0
1
0
1
2
0
1
1
2
1
1
0
1
1
2
2
0
1
1
1
0
1
1
2
5
1
2
0
1
1
4
1
1
0
0
4
1
3
0
0
0
0
1
2
0
1
2
2
1
1
0
0
1
1
1
1
4
0
2
2
1
0
3
1
2
0
3
1
1
2
4
0
2
2
2
1
2
1
1
0
3
1
0
0
1
0
2
1
0
0
0
1
2
1
0
1
2
5
0
1
0
0
3
0
0
0
0
3
1
2
2
2
0
2
1
0
3
2
4
2
1
0
2
2
0
0
0
1
4
0
1
2
0
2
1
2
0
0
3
1
4
1
1
0
2
1
1
0
2
0
0
2
1
2
0
1
0
0
2
2
5
4
1
2
2
3
2
1
0
0
1
1
1
0
3
1
0
1
2
0
1
1
0
2
1
1
0
0
1
0
3
2
2
1
4
4
1
2
3
1
1
2
1
2
1
0
2
2
1
0
0
2
2
0
0
0
3
2
0
3
2
1
0
0
1
2
0
0
4
2
1
0
2
1
1
1
2
1
1
1
0
0
2
2
2
2
5
1
0
5
3
2
1
2
3
0
0
0
3
1
0
1
0
1
0
0
4
2
1
0
1
1
1
0
3
1
2
1
3
1
0
2
2
2
0
4
2
1
2
3
2
1
1
3
0
4
5
3
1
1
0
0
0
0
0
1
0
3
3
4
0
0
1
1
2
0
2
2
0
1
1
2
1
0
3
4
2
1
4
1
2
3
4
4
3
0
0
0
0
2
0
1
1
0
4
1
1
2
2
1
1
1
2
0
4
0
2
2
1
0
1
3
0
1
0
2
1
1
2
3
0
2
2
3
0
1
0
0
2
1
2
0
2
0
0
1
0
0
5
2
1
1
1
1
0
0
1
1
0
4
1
3
1
1
1
0
1
2
0
1
0
4
2
2
0
1
0
2
2
3
2
1
3
3
1
1
0
1
0
0
1
2
0
1
5
1
1
0
2
2
1
2
1
1
1
2
3
2
1
1
3
3
0
1
0
1
0
2
2
1
1
1
2
1
0
3
0
1
0
2
1
1
0
2
1
0
4
2
2
1
1
1
0
0
1
0
1
2
0
0
1
1
2
0
2
2
1
4
1
0
1
1
1
2
1
0
2
1
4
2
3
2
0
1
3
1
0
1
1
3
2
5
0
3
1
1
3
2
0
2
0
1
2
0
0
5
2
1
1
3
1
4
0
3
2
0
1
0
1
0
2
3
0
2
2
1
2
1
1
2
0
1
0
1
3
0
1
2
0
0
2
2
1
0
2
2
2
2
2
3
0
3
0
4
1
1
2
1
3
2
2
0
2
1
1
2
0
1
1
1
1
1
1
1
1
1
0
1
1
1
0
1
1
2
1
3
2
1
3
0
0
0
1
4
1
0
2
2
2
1
0
0
1
0
3
1
1
4
1
1
4
2
1
1
1
1
3
2
0
0
3
1
1
3
2
3
1
2
3
1
3
2
2
2
3
1
0
2
2
0
1
2
0
1
2
3
1
2
0
1
1
3
3
2
0
3
1
3
3
3
4
1
1
0
3
2
3
2
3
1
3
1
0
1
1
2
3
0
2
0
1
1
1
1
2
2
0
1
2
3
2
4
2
1
1
2
0
1
4
0
2
0
1
0
0
3
1
2
2
4
1
0
0
1
1
1
1
0
0
0
2
0
1
1
1
0
0
2
1
1
1
0
2
1
1
2
0
2
3
1
2
1
2
2
0
0
3
1
1
1
0
1
1
1
0
2
3
2
2
2
3
3
0
2
2
3
1
2
1
0
2
0
0
1
1
0
2
2
3
2
3
2
1
1
1
4
1
2
0
1
2
1
0
2
1
3
3
0
2
0
1
1
2
1
1
1
2
1
1
5
0
2
2
2
2
4
3
0
2
1
1
0
2
1
1
1
2
1
2
1
3
2
0
0
2
3
2
2
4
1
1
3
1
1
2
1
1
0
3
1
2
3
2
2
1
0
1
2
0
3
1
0
0
3
2
1
1
0
2
1
1
1
0
4
1
2
1
1
2
1
1
0
2
0
2
2
1
1
2
2
2
3
1
1
0
1
0
1
0
2
1
2
0
3
4
1
1
1
0
1
0
3
1
0
2
0
4
2
3
1
0
0
1
2
2
2
0
1
2
0
1
2
1
3
1
4
2
0
3
0
2
0
1
1
1
3
2
1
2
4
3
1
2
0
1
3
0
1
0
1
2
2
1
2
2
0
3
2
2
1
2
1
1
3
1
0
0
0
0
0
3
1
1
1
1
0
3
2
2
3
1
3
3
0
2
1
3
1
0
1
4
0
0
1
1
0
3
3
2
1
1
1
0
1
2
2
0
0
0
1
0
2
4
0
2
0
0
1
0
1
0
3
2
1
0
1
3
0
1
1
2
0
1
1
3
1
3
3
2
2
1
3
1
2
0
1
4
1
1
2
1
2
4
3
3
2
2
1
1
0
1
0
4
0
2
0
2
1
1
2
0
0
3
0
1
0
1
1
1
2
1
0
1
1
0
0
0
1
0
0
4
0
1
2
0
1
0
1
2
1
1
0
0
1
2
1
2
1
0
1
3
1
1
0
3
2
0
0
1
0
1
2
0
2
0
0
1
0
0
0
3
0
2
2
0
3
0
2
1
1
0
3
2
0
0
1
0
2
0
0
1
2
0
0
1
1
1
1
2
3
0
1
2
0
2
0
1
1
3
0
4
1
0
0
1
0
2
0
2
1
0
5
1
1
3
0
2
1
3
0
2
2
1
1
1
0
1
0
3
2
1
1
0
1
0
1
1
0
2
3
1
2
3
1
3
1
1
0
2
0
1
1
2
2
1
0
2
0
1
1
2
1
2
1
2
1
1
3
1
2
1
1
2
0
0
2
1
2
1
1
1
1
1
2
1
0
4
3
0
1
2
1
1
0
1
0
1
0
1
1
1
0
1
2
3
2
1
1
0
0
2
3
0
2
1
3
2
1
3
2
0
2
1
1
1
1
2
2
0
1
3
1
0
1
1
3
1
2
1
0
4
2
1
1
0
1
2
0
1
2
1
3
0
0
0
1
0
0
1
0
0
0
1
0
0
2
1
1
1
3
2
1
3
1
3
1
0
1
1
0
0
0
0
0
2
1
1
1
1
2
3
2
0
0
1
3
0
1
2
2
0
4
1
1
2
1
1
0
0
1
2
0
0
2
1
2
4
1
2
2
2
2
0
0
0
1
0
0
1
2
1
3
3
1
0
2
2
4
4
2
3
2
1
0
2
0
1
1
1
3
0
1
3
0
0
4
1
0
2
1
2
1
1
1
1
1
1
0
1
1
1
1
1
2
2
2
1
0
0
0
2
3
0
1
3
1
0
3
1
3
1
1
3
2
2
0
2
2
2
3
2
1
1
3
1
1
2
1
0
0
1
1
0
0
0
1
1
0
1
0
2
4
1
3
2
2
1
2
3
0
2
1
2
4
1
3
3
2
0
1
2
1
2
1
3
3
2
0
1
0
1
4
1
1
1
0
2
1
2
2
0
1
0
2
0
2
3
1
3
2
1
0
1
3
3
0
1
2
0
0
1
1
0
2
2
0
0
2
2
2
3
1
1
2