83601
6933
3824
2690
2065
1673
1404
1157
1092
978
893
827
762
676
660
568
550
542
528
468
489
428
450
435
372
354
386
364
332
340
326
303
323
299
317
322
305
275
265
291
257
259
245
257
262
213
242
238
247
249
239
245
230
237
245
201
238
206
232
222
192
204
202
227
206
193
189
210
214
199
171
161
161
192
172
197
178
200
207
175
158
163
181
190
194
179
186
136
187
171
193
185
166
160
183
178
153
172
172
137
157
157
160
159
157
149
165
140
169
155
160
149
142
148
140
152
143
134
159
174
138
147
142
158
162
139
153
147
161
155
146
139
137
155
160
143
155
134
146
159
119
149
135
161
146
126
149
129
122
117
146
153
111
135
124
152
125
149
146
150
139
134
131
137
126
167
141
152
146
129
126
144
126
139
132
136
118
138
124
133
124
120
127
135
130
138
137
143
115
116
132
128
119
140
138
143
120
121
133
126
109
113
136
124
132
138
117
130
125
135
117
126
115
135
133
131
129
143
146
124
128
115
134
115
111
108
132
127
127
108
115
121
134
115
126
117
125
100
108
120
124
135
107
133
100
98
117
128
134
110
123
113
108
126
104
115
116
132
121
113
95
121
102
119
103
98
111
120
131
104
117
116
116
104
127
112
116
108
102
106
114
112
126
127
116
98
106
108
122
104
112
93
99
111
126
119
114
111
107
103
107
121
112
117
96
108
126
109
107
93
119
116
113
106
103
120
138
107
119
102
103
118
116
113
130
115
107
99
95
101
118
123
107
109
106
104
100
104
102
102
109
103
106
94
112
117
113
130
111
106
128
114
123
113
117
99
119
108
87
117
109
120
131
123
109
98
121
113
110
105
94
107
108
137
93
122
111
106
101
99
113
128
95
112
113
127
115
132
89
114
95
118
91
110
97
110
123
99
116
110
103
102
101
126
128
119
103
106
91
121
143
96
116
105
107
99
110
91
93
103
101
102
127
109
112
104
113
106
119
95
95
94
106
105
109
120
114
108
94
123
111
110
110
98
110
103
116
108
122
110
99
105
94
108
91
105
120
90
78
91
92
98
96
103
103
77
93
101
105
95
99
107
108
98
113
115
99
120
112
97
104
102
99
95
97
112
110
83
108
121
109
109
111
104
120
106
95
109
83
107
98
111
128
93
120
107
112
111
82
93
92
98
107
92
107
99
101
111
107
112
95
89
85
101
84
111
111
101
110
93
101
89
112
113
112
124
110
88
83
90
97
97
107
92
103
111
111
93
111
103
112
85
99
95
92
100
92
113
102