1005
948
953
988
1061
1022
973
1003
1041
987
991
985
994
1008
1046
948
993
946
997
952
981
970
954
970
945
1010
1027
962
1016
1004
1040
1018
962
956
987
983
1027
1011
959
955
1026
962
995
938
986
984
1005
1031
928
990
963
980
979
961
1064
1043
1035
982
996
979
987
978
936
1013
1002
972
969
942
962
1036
996
968
1003
1047
979
1055
968
1029
1008
1001
972
993
1025
1028
924
986
1014
1001
1011
965
922
1012
1030
963
984
968
917
988
991
983
1032
1029
972
1092
951
997
1004
1004
971
1001
995
953
979
959
1006
953
1012
998
1021
1025
1035
1026
1046
1023
986
972
1023
1032
984
1002
948
1056
1035
1033
997
1015
963
1022
968
950
951
967
1012
988
1015
989
1005
992
940
996
1032
1001
935
1001
1015
993
979
955
1018
976
958
993
1009
1053
1002
1011
1032
994
1016
1043
1008
1021
952
929
993
1033
1046
954
1006
973
984
1054
1053
1019
976
971
989
982