929
940
930
943
931
961
946
944
931
974
983
945
944
964
906
971
955
915
937
968
964
943
889
947
948
943
989
937
914
973
924
984
964
932
935
956
1011
975
949
963
969
1007
956
979
957
918
950
882
961
964
935
912
954
985
944
911
924
987
979
918
966
903
932
919
975
973
978
943
987
931
1006
939
955
961
955
954
953
977
905
931
898
988
972
926
934
956
918
954
961
946
943
978
961
917
891
947
989
953
963
939
895
899
890
947
945
954
960
926
941
996
1007
919
945
951
908
914
993
928
941
998
929
934
924
925
999
914
916
928
943
964
918
926
925
942
973
897
942
994
1000
881
947
938
972
927
1002
968
904
864
987
933
929
905
929
959
899
914
927
986
941
937
909
924
942
907
970
951
931
973
918
946
932
931
908
965
974
953
924
981
1006
1025
917
906
973
927
916
941
929
953
916
985
916
992
903
932
945