127787
10787
5228
3440
2346
1811
1535
1233
1029
901
791
722
638
532
535
478
451
449
393
378
344
325
282
302
267
272
231
206
234
216
190
171
186
165
164
151
155
137
166
149
149
142
120
125
124
109
111
102
98
110
100
91
93
82
99
93
95
79
85
87
75
97
90
71
65
76
69
75
78
72
83
63
67
76
53
68
50
58
63
67
68
53
51
67
57
52
49
51
39
48
48
48
45
51
54
46
53
44
38
32
47
39
35
37
38
34
38
34
59
50
41
36
41
30
25
37
32
39
41
38
39
33
33
31
36
30
28
31
41
37
27
27
32
23
29
33
26
26
24
37
29
33
23
31
32
27
22
39
33
33
22
27
24
30
22
22
24
21
28
23
25
28
18
20
22
27
23
22
21
24
20
15
23
20
28
26
20
22
20
18
18
27
17
16
19
19
14
20
20
18
17
19
22
11
14
22
26
15
23
16
20
25
14
16
11
19
24
13
17
11
18
18
15
21
27
18
16
13
13
9
19
20
20
12
12
18
20
21
13
22
19
19
16
19
7
12
23
19
13
16
9
15
20
15
12
16
11
6
15
9
18
8
13
17
8
11
17
15
7
16
13
11
10
12
12
15
15
8
5
8
9
9
12
15
14
21
13
12
12
8
12
6
15
8
8
14
18
16
10
6
14
16
9
14
15
14
12
10
15
7
10
13
10
11
14
10
15
7
11
13
14
11
10
8
6
11
14
7
16
3
8
10
12
9
17
13
6
13
13
10
5
14
9
8
10
10
9
11
6
16
14
14
16
8
10
11
5
11
8
4
11
8
14
11
14
14
11
6
14
14
11
12
10
13
7
8
8
8
14
7
10
11
9
11
7
15
9
9
7
10
7
12
7
9
9
7
8
7
6
7
10
8
12
8
8
8
13
9
3
8
8
4
5
9
4
14
7
7
6
12
5
6
10
9
8
13
9
9
8
10
5
8
8
9
12
4
8
5
9
10
6
9
6
6
8
10
7
4
8
7
3
7
15
9
8
7
10
4
15
9
8
3
8
4
6
2
7
10
8
3
10
4
5
6
7
8
10
5
6
5
8
8
7
6
8
4
6
5
4
5
9
9
4
8
5
10
6
6
11
4
11
7
9
8
3
7
5
5
7
9
5
7
7
9
2
4
11
7
12
2
3
7
9
2
7
5
10
13
7
3
3
5
3
7
8
7
7
9
6
2
7
4
6
8
5
4
5
2
2
10
6
3
6
9
2
7
8
9
4
4
5
7
7
9
9
2
6
7
8
6
9
3
4
8
6
4
5
4
2
6
5
6
6
4
6
4
3
7
3
6
9
7
4
15
7
3
5
8
2
5
4
7
7
6
3
4
5
7
4
5
4
8
8
2
3
3
8
4
5
1
2
5
9
3
6
3
3
6
2
6
6
8
5
7
6
1
3
7
2
9
5
5
1
4
7
2
3
6
5
2
8
5
4
1
6
8
3
7
6
4
2
4
6
2
5
5
5
4
4
10
8
4
6
6
2
5
3
6
4
7
4
3
3
7
1
4
1
3
6
4
3
5
2
6
7
4
8
3
6
7
7
8
5
5
4
4
5
3
7
5
4
9
3
2
4
2
6
5
4
6
5
3
6
5
6
2
2
4
5
7
11
5
8
7
4
3
3
7
4
12
5
4
3
9
5
8
5
4
2
6
6
1
2
8
10
4
2
3
6
3
4
4
8
5
6
4
6
7
4
5
2
10
4
7
2
8
5
5
2
5
2
2
7
3
3
3
5
2
7
7
5
6
3
1
1
8
8
5
3
7
4
4
2
3
6
3
2
2
9
5
2
2
1
5
3
2
3
2
1
5
3
7
2
6
8
2
3
4
5
5
4
6
4
7
1
4
5
3
3
1
7
8
5
3
3
6
5
3
2
2
1
4
2
6
4
8
8
9
0
4
2
3
2
6
4
3
3
5
4
0
4
5
4
1
3
1
1
6
3
5
4
2
4
2
6
5
6
3
5
4
2
10
3
0
5
6
4
1
3
7
5
2
7
4
6
2
9
2
1
6
2
2
4
4
1
3
3
2
1
1
3
2
6
3
3
3
3
3
4
3
3
6
5
2
3
2
3
6
6
4
2
3
5
4
3
6
4
3
3
3
4
1
5
2
7
4
5
2
1
3
3
4
0
4
2
2
4
4
1
1
9
2
4
3
2
3
2
0
6
3
3
2
3
5
2
2
2
4
2
2
2
7
1
4
2
3
0
1
5
5
3
5
2
2
5
0
1
1
1
1
6
2
3
2
7
5
3
2
2
4
2
6
2
2
1
4
7
3
6
0
4
4
3
1
5
2
2
7
5
4
2
3
2
6
1
3
1
3
6
3
4
3
4
2
3
1
5
4
7
3
6
1
3
3
2
2
2
0
2
7
5
3
2
4
4
4
1
3
4
4
0
7
5
4
4
2
3
4
0
2
2
3
4
3
2
3
5
2
1
4
3
3
3
1
4
2
2
6
4
3
1
4
3
3
3
6
4
2
0
2
4
2
6
4
1
2
2
3
5
6
3
0
2
5
2
2
5
4
5
5
2
3
4
4
2
1
2
4
1
1
2
3
4
3
5
2
1
2
2
4
0
1
1
3
2
3
2
6
1
2
3
5
1
2
1
3
1
2
6
5
2
4
4
1
2
2
2
3
2
2
5
1
3
4
3
1
3
6
5
0
6
4
2
2
3
0
3
3
1
7
4
5
2
2
7
4
0
4
4
4
3
0
1
1
1
1
4
3
3
2
2
3
1
2
0
2
1
2
0
3
1
0
2
1
1
2
3
3
0
3
2
7
3
2
4
0
2
1
3
2
0
2
2
6
3
5
1
3
5
0
1
2
2
3
2
0
1
6
3
3
2
3
4
2
1
5
1
1
2
7
2
2
5
2
2
5
6
5
3
0
2
5
2
4
3
4
6
2
3
3
4
2
2
3
3
4
1
0
0
2
2
3
3
1
3
4
4
2
4
1
5
2
1
2
3
2
3
3
2
2
2
2
3
1
6
3
4
5
2
1
1
2
1
2
2
2
6
2
1
0
1
8
2
4
1
4
3
6
4
3
3
7
4
3
2
3
3
4
3
1
5
3
2
7
2
4
3
3
2
2
5
0
2
1
1
4
1
0
2
3
0
1
1
2
1
2
1
4
1
3
4
0
1
2
4
1
0
2
2
2
1
0
1
4
6
2
1
4
3
2
1
1
3
2
0
2
3
3
2
2
4
5
3
2
1
1
1
3
2
1
2
4
2
3
2
3
2
1
2
4
4
1
4
3
1
3
4
1
3
2
1
2
0
3
5
4
3
2
3
1
3
2
2
0
1
5
2
2
3
2
1
0
2
1
1
1
3
5
4
1
3
2
3
1
3
5
3
1
2
1
2
7
4
0
1
0
2
2
1
4
1
2
2
2
3
5
4
5
5
1
2
6
6
3
3
0
2
2
2
1
2
2
2
1
3
3
1
1
1
1
1
2
4
2
2
2
3
4
2
1
2
4
1
6
4
2
2
1
2
3
5
3
4
2
3
1
2
2
2
0
1
1
4
5
2
1
2
3
1
0
5
3
1
1
2
0
3
5
1
2
0
2
3
1
2
0
4
1
4
3
7
1
3
4
2
5
4
2
2
4
1
0
1
2
3
3
1
2
1
1
3
1
1
1
0
1
2
2
2
0
5
2
2
2
5
0
3
6
4
2
1
5
2
0
5
1
2
1
6
0
3
0
2
2
3
4
1
0
5
4
1
0
5
5
4
2
1
1
0
3
2
1
3
0
4
3
0
3
1
2
0
3
2
4
3
1
7
3
2
5
4
2
2
0
3
2
3
1
0
5
3
1
1
2
3
3
2
4
4
2
0
1
2
1
1
3
2
0
1
1
2
2
0
6
4
4
2
5
4
2
1
1
1
3
0
3
5
3
2
1
4
0
0
4
2
3
2
2
1
2
1
2
2
4
2
0
2
1
0
1
4
3
2
2
1
2
1
3
0
4
0
2
1
5
2
1
2
3
2
2
1
0
0
2
3
2
5
4
6
6
1
2
0
2
0
1
2
0
2
6
1
1
2
1
1
3
4
4
2
1
1
1
1
1
1
1
1
3
0
0
0
2
3
2
1
2
2
3
1
1
2
4
0
1
0
4
2
1
4
1
0
1
2
2
1
0
0
1
3
2
1
1
2
2
0
3
6
1
2
1
3
1
2
2
2
1
1
1
1
1
0
2
2
1
2
2
1
0
2
1
2
1
3
3
0
3
1
4
2
3
1
1
3
3
2
2
1
3
1
2
4
1
2
2
1
1
1
2
3
1
2
4
2
1
1
1
1
1
5
2
0
4
2
5
3
5
0
2
2
1
4
3
2
3
2
1
5
1
3
3
2
0
0
1
2
3
1
0
2
2
2
3
3
5
3
1
2
1
1
1
4
0
0
3
1
2
1
3
2
2
2
2
2
1
1
4
5
1
1
4
6
1
0
1
2
4
0
3
3
5
1
0
2
1
2
2
2
4
1
3
3
2
0
1
3
1
3
3
4
1
1
1
3
1
4
2
2
2
2
3
1
3
3
3
1
0
5
5
2
4
1
2
3
0
1
2
0
1
2
4
2
4
3
1
2
2
2
3
4
1
2
1
2
1
4
0
2
1
2
2
4
2
0
1
5
2
4
2
0
4
2
4
2
1
1
0
3
3
1
4
2
2
3
2
2
5
4
1
1
0
3
1
2
2
1
2
2
3
0
0
1
0
3
1
2
3
2
2
0
0
4
4
0
2
2
2
0
1
3
2
4
5
2
1
1
1
6
1
1
3
1
2
2
1
1
2
0
2
2
0
2
2
2
1
0
0
1
2
1
3
1
1
1
0
1
2
4
3
2
1
4
1
0
4
3
3
1
2
1
6
2
2
2
4
0
1
1
1
1
3
0
0
4
1
3
2
6
1
4
3
1
2
1
2
3
1
1
4
1
3
0
3
0
3
2
4
2
2
0
3
1
1
0
0
1
4
1
2
1
0
1
1
2
0
3
2
0
4
2
1
1
4
2
5
1
2
1
0
3
2
0
0
3
2
0
4
0
3
2
1
2
1
2
2
0
1
0
2
1
0
4
4
0
1
4
2
0
0
0
3
0
2
1
3
2
2
2
4
2
1
4
3
1
2
3
0
3
4
0
0
1
1
5
2
1
0
2
0
1
2
1
3
1
4
3
3
3
0
4
4
0
4
1
4
0
3
0
2
2
3
1
4
0
1
4
1
4
0
3
1
2
2
1
1
1
1
0
1
3
0
5
1
2
1
0
0
0
1
4
1
3
2
3
2
2
4
1
1
0
2
1
1
4
2
3
6
7
1
0
1
3
3
3
1
5
1
2
0
2
1
3
0
1
3
0
2
0
1
2
0
2
1
0
0
1
1
1
0
1
0
3
2
4
3
3
1
0
2
1
1
0
3
2
0
1
0
2
2
2
3
3
1
3
2
3
3
5
1
3
1
3
1
2
0
2
0
1
2
1
1
0
3
4
1
0
1
5
1
1
3
1
1
1
2
2
7
2
2
3
0
1
3
0
1
2
1
0
1
1
2
2
5
1
0
2
3
4
1
1
2
2
3
2
2
0
1
3
1
2
2
1
0
2
0
5
1
3
2
1
0
3
1
2
2
0
0
5
2
1
1
0
2
0
4
1
1
2
0
1
2
2
1
1
2
0
2
2
0
1
2
1
0
1
0
2
1
1
1
1
3
3
1
1
0
3
1
1
4
1
4
3
2
0
1
1
2
3
1
5
0
2
0
3
2
4
3
1
2
1
1
0
3
1
3
2
1
1
6
1
3
1
1
1
3
1
2
1
1
1
3
2
0
0
1
0
0
1
1
4
1
0
2
1
2
0
6
3
6
2
3
3
3
2
1
0
3
3
0
2
2
0
1
3
1
0
1
2
1
1
1
1
1
0
1
7
0
1
0
2
2
0
1
0
0
2
2
4
1
1
2
3
1
2
0
1
2
0
0
2
1
1
0
1
1
1
2
2
2
0
2
1
4
1
0
0
2
6
3
4
2
3
1
1
1
1
0
3
1
1
3
1
2
0
0
0
2
0
0
1
0
1
3
2
1
1
1
0
1
2
1
3
2
2
0
0
1
3
0
5
3
1
1
0
2
1
4
4
2
2
1
1
0
1
4
1
2
0
1
2
3
3
3
2
2
1
1
1
1
0
2
1
1
0
3
1
2
1
1
4
5
0
0
1
1
1
4
1
2
2
1
1
4
0
0
1
3
2
1
3
2
0
1
3
1
1
1
3
3
2
0
2
0
0
2
0
3
4
4
0
1
0
1
2
5
2
1
2
4
4
1
1
2
1
0
1
0
3
0
2
3
2
3
1
2
2
2
1
5
1
1
4
1
0
3
4
2
1
1
4
2
0
5
2
5
2
0
0
3
3
1
0
1
0
0
0
1
0
2
2
1
0
2
1
3
1
1
1
2
3
1
0
3
4
3
2
2
4
2
2
1
1
1
1
2
1
0
2
1
2
1
1
0
2
0
0
2
1
1
2
1
0
0
4
0
1
0
1
1
2
0
1
2
2
1
1
0
2
2
2
1
2
1
1
2
2
4
1
1
1
4
5
1
4
3
0
1
2
0
1
1
1
2
1
1
1
2
0
0
3
2
5
2
0
3
1
3
3
2
3
0
0
1
2
1
2
1
3
2
1
2
3
3
0
3
2
3
3
0
2
5
0
1
0
4
1
0
4
3
3
0
0
1
0
1
0
3
2
0
3
1
2
1
2
4
2
0
0
2
2
3
0
3
1
1
0
1
0
2
2
0
2
2
1
0
2
1
1
1
2
2
2
2
1
0
2
1
3
2
1
2
2
2
1
0
1
0
1
3
1
1
1
2
1
1
0
3
1
3
3
1
1
0
0
2
3
3
2
1
1
2
3
1
4
1
3
0
4
1
3
2
1
0
1
1
2
0
3
0
1
2
1
0
1
0
0
4
2
2
2
0
1
1
1
1
1
2
3
1
3
4
2
3
1
1
3
3
3
2
1
4
2
0
3
0
1
2
2
2
3
1
1
0
1
1
0
1
1
4
2
0
1
1
1
2
3
2
2
2
3
1
1
2
2
1
1
2
2
1
0
1
0
0
2
0
0
0
0
0
2
0
0
0
2
2
2
2
1
3
1
0
0
2
3
4
0
1
3
2
0
0
1
2
1
3
3
1
0
1
2
2
1
2
1
2
2
2
1
1
3
2
2
2
2
1
2
2
3
0
0
0
2
2
3
0
1
1
3
3
2
1
3
0
2
1
2
1
3
0
3
2
0
2
0
1
0
0
4
1
2
2
0
1
1
3
4
1
0
4
3
4
0
1
6
3
2
3
1
0
3
1
1
2
5
4
3
1
2
2
2
0
1
1
0
1
2
2
3
2
1
2
1
0
0
4
4
4
3
2
0
2
2
2
1
1
2
1
0
2
4
0
0
1
0
2
1
3
1
1
0
1
1
0
3
2
2
2
1
1
1
0
1
0
0
2
1
3
3
1
4
3
3
3
0
1
2
0
1
4
5
0
1
0
3
3
1
0
0
2
1
0
1
2
0
2
0
2
0
1
0
3
0
3
1
4
0
0
2
2
1
1
3
1
1
2
0
1
1
2
1
4
3
0
0
3
2
2
1
0
1
0
1
0
0
1
1
1
1
0
1
2
0
1
3
0
1
2
3
2
0
1
0
0
0
2
1
1
4
0
0
4
6
1
0
2
0
2
1
2
0
0
1
1
2
1
1
1
3
1
2
0
2
0
3
2
1
3
0
1
1
2
1
1
2
4
2
4
4
3
3
2
1
0
1
2
2
3
5
3
0
0
1
1
1
1
3
3
1
0
1
1
1
1
1
0
2
2
2
1
0
0
2
0
2
5
0
3
0
1
2
1
1
3
1
1
1
2
1
2
0
2
4
1
2
5
2
0
0
1
2
0
1
0
1
2
1
0
1
0
1
0
0
0
2
2
2
3
1
2
0
2
1
1
5
0
2
1
1
1
0
2
4
0
3
2
1
3
1
3
2
1
1
0
0
4
3
2
1
0
1
1
4
0
2
2
2
2
1
4
1
0
1
3
0
0
1
4
1
0
0
2
1
3
1
5
0
1
1
3
0
0
0
0
1
0
1
3
2
2
3
2
0
0
0
1
2
1
1
2
1
0
2
2
2
2
0
0
3
2
0
0
2
2
0
3
3
3
2
3
2
1
3
1
2
2
3
2
1
2
2
2
1
3
0
1
0
1
2
0
1
1
3
2
0
1
1
3
2
1
0
5
1
0
1
3
2
3
1
0
5
1
3
2
0
2
0
0
3
1
0
0
0
1
3
4
3
1
1
0
1
1
0
2
1
2
0
3
1
2
0
3
1
2
0
1
0
3
1
1
1
1
2
3
3
4
1
1
0
1
0
1
1
0
0
0
2
0
1
0
0
2
3
2
2
1
2
2
1
2
1
0
1
2
1
0
2
3
1
1
1
1
1
3
0
0
1
2
2
1
1
1
2
1
2
0
3
2
1
1
1
1
0
1
2
1
1
0
2
2
2
4
2
1
4
1
1
1
2
0
1
1
1
0
0
0
2
2
1
2
1
0
1
3
1
2
0
2
0
4
2
1
0
2
0
0
4
1
1
0
1
2
0
0
0
3
0
1
1
2
2
0
2
0
1
0
1
2
0
0
0
2
2
2
2
0
1
4
2
0
3
0
3
2
0
3
1
2
1
2
0
2
1
2
1
3
2
1
1
1
1
5
2
1
3
4
1
3
1
2
0
2
0
0
1
1
3
3
1
1
3
3
1
2
1
0
0
2
1
4
0
1
2
0
0
4
0
5
5
3
1
1
1
2
0
4
3
3
1
0
0
4
0
1
1
1
3
0
1
1
0
2
1
1
2
1
1
0
1
2
0
2
1
1
3
0
0
2
2
1
0
1
3
0
4
1
3
1
1
1
1
2
0
0
1
0
1
2
1
0
4
1
2
1
1
2
1
1
2
0
3
0
0
1
1
2
2
1
1
1
2
2
1
1
0
1
4
0
1
0
3
1
0
1
3
1
2
3
0
3
3
1
0
1
3
4
1
3
1
1
0
0
2
1
3
4
3
0
1
1
2
3
1
2
1
4
2
1
0
1
2
1
1
0
2
2
3
1
1
0
2
1
0
0
0
0
3
1
3
0
0
1
2
1
0
2
2
1
1
3
1
2
0
0
2
1
3
1
1
1
1
0
2
0
1
1
2
0
0
2
0
0
1
0
2
2
1
1
0
2
2
3
0
2
3
0
0
1
0
2
0
0
3
1
0
1
2
1
1
2
2
2
3
1
1
0
1
2
0
1
0
1
1
4
0
0
3
2
0
1
1
0
3
2
0
1
3
1
1
0
3
0
0
1
3
3
2
3
1
1
1
1
1
2
1
1
4
3
3
1
3
3
0
0
1
1
2
1
1
0
1
0
2
4
2
0
2
3
1
1
2
2
4
1
3
1
0
1
1
0
2
1
2
1
1
1
0
1
1
2
1
1
0
1
0
0
1
1
5
1
1
1
1
3
1
0
3
1
1
2
0
1
0
1
1
2
2
3
1
1
0
1
1
0
1
4
2
3
0
1
2
0
2
3
0
0
0
2
4
0
2
2
2
1
0
2
1
0
2