86956
6755
3902
2658
1998
1703
1387
1214
1089
899
830
782
685
695
611
583
581
539
490
517
446
444
434
424
401
391
378
369
344
354
339
319
334
286
306
317
278
271
304
292
232
271
231
263
259
255
282
269
233
227
243
230
234
232
233
243
213
177
237
212
212
206
251
221
220
176
222
180
202
199
181
195
197
185
185
175
169
192
159
197
180
172
187
167
182
163
183
183
168
152
148
172
170
158
171
172
170
174
156
157
166
158
159
155
171
145
161
180
149
168
180
152
154
159
153
153
153
133
136
149
138
142
152
130
156
143
154
144
152
143
130
171
158
162
148
147
144
132
146
129
137
140
133
147
141
145
146
131
139
160
151
121
136
142
137
115
147
127
124
131
124
124
157
134
145
128
140
115
143
114
145
118
131
136
151
145
140
121
129
146
115
130
121
110
115
108
132
141
119
133
117
127
129
112
128
130
143
130
122
123
136
104
147
119
120
123
139
115
148
129
124
120
123
123
124
110
128
118
126
113
122
123
122
117
122
127
133
114
133
122
122
122
147
132
110
115
117
124
118
148
112
122
89
115
117
114
126
128
121
114
111
130
133
115
122
110
136
125
128
130
118
108
143
109
121
117
137
125
121
124
131
115
100
104
129
125
126
118
128
129
129
126
125
103
109
128
106
98
117
113
113
123
124
115
127
133
108
117
101
102
107
107
100
104
103
117
97
88
100
88
120
104
135
107
121
116
120
106
133
123
124
119
118
98
114
105
126
113
123
120
112
106
94
93
104
110
102
85
112
116
110
122
89
103
105
108
104
113
105
99
98
95
115
115
106
105
112
109
112
96
108
102
104
108
128
113
104
124
110
116
114
103
102
108
125
113
123
100
99
101
117
103
108
115
100
107
108
104
111
106
124
108
96
100
109
125
111
96
108
122
79
95
121
119
81
110
108
103
104
109
100
122
120
118
130
114
112
104
99
89
120
107
99
98
104
108
103
112
102
115
104
105
105
110
115
106
98
107
79
119
82
111
90
112
111
95
111
103
102
89
116
113
117
100
100
101
97
116
104
114
97
95
106
102
85
112
99
89
108
105
116
101
93
111
119
122
109
112
103
104
98
127
110
112
122
105
91
92
95
110
100
102
115
121
90
106
114
101
103
103
99
116
109
93
93
89
101
102
106
91
105
100
126
99
98
106
106
119
95
109
91
92
107
96
113
95
102
116
92
99
105
93
114
90
109
106
102
94
112
97
126
99
105
99
105
101
99
97
100
89
98
88