84377
6791
3756
2658
1993
1631
1427
1173
1108
944
852
786
705
697
589
573
559
515
523
475
454
470
417
450
408
383
370
361
367
359
347
340
347
315
307
290
293
308
248
284
284
270
269
262
259
251
241
224
238
222
237
210
236
227
247
221
223
200
206
231
214
211
211
194
201
193
195
182
187
181
194
189
189
176
208
185
205
182
177
192
187
167
181
175
200
177
170
177
180
162
207
142
176
147
183
162
173
152
166
147
140
154
179
169
142
163
150
158
157
143
181
162
185
145
134
178
151
146
168
149
117
143
149
134
144
146
138
142
167
139
146
130
172
151
145
132
133
140
158
152
145
143
163
153
142
134
117
148
142
161
151
145
135
118
127
154
133
130
125
131
155
129
128
142
116
129
121
143
127
117
122
117
126
140
117
145
123
126
139
127
123
141
120
126
138
135
130
136
111
114
127
110
149
108
130
135
128
137
119
140
126
134
126
133
139
134
114
129
113
121
123
134
115
135
108
127
110
134
110
115
126
114
124
146
121
99
121
124
118
116
102
133
130
115
138
122
134
131
135
125
110
102
116
121
127
118
136
112
109
123
107
110
113
125
129
128
123
113
120
106
103
121
110
105
113
115
124
110
105
123
100
122
101
121
116
111
109
125
117
135
104
112
130
129
123
139
119
107
126
106
122
104
121
112
119
107
127
117
105
116
116
114
114
103
109
124
136
104
108
122
110
104
102
136
125
113
133
108
111
104
136
119
124
95
132
119
115
136
103
96
100
116
96
121
120
98
100
111
108
120
110
108
86
109
120
100
117
104
109
114
85
120
103
106
105
113
121
89
103
100
102
116
120
118
101
133
96
82
108
101
89
124
119
95
113
99
111
109
102
92
93
106
116
105
105
99
118
114
116
115
130
104
102
104
97
93
111
100
105
112
115
103
117
117
101
123
104
95
105
103
138
99
121
92
116
107
88
123
102
107
102
103
97
109
103
105
106
114
94
107
107
119
108
118
80
102
122
107
102
107
99
107
120
100
97
103
100
105
102
107
107
95
110
98
116
109
116
109
109
94
111
126
114
97
91
102
120
109
114
99
88
104
112
108
103
89
108
101
106
107
107
92
107
101
105
93
118
110
108
105
111
100
88
92
95
98
113
103
84
102
88
103
106
103
113
101
98
81
94
97
103
90
90
98
99
103
95
94
100
116
91
91
103
116
108
89
89
106
106
102
104
118
101
125
110
123
74
109
98
106
100
93
117
107
110
88
117
121
100
96
27