85402
6710
3679
2497
1978
1543
1293
1213
960
840
812
760
681
686
568
534
520
549
538
448
429
399
418
399
360
403
361
323
352
322
314
334
298
300
279
299
284
287
299
275
257
255
242
259
286
248
213
243
239
231
232
209
232
218
225
203
233
197
217
202
207
223
205
208
190
212
196
189
174
200
197
181
178
172
172
183
179
161
185
155
151
177
181
164
155
153
177
165
177
155
159
150
191
155
188
144
174
180
167
148
160
138
169
153
152
146
169
164
137
157
169
142
166
135
153
182
155
132
164
149
171
171
156
137
149
131
131
142
154
128
153
143
140
153
152
135
135
153
159
135
151
116
164
147
141
132
145
154
135
111
126
149
145
166
138
126
131
131
137
118
138
136
133
142
128
127
137
137
134
114
130
130
123
138
116
116
108
135
115
130
138
112
118
122
145
118
132
104
137
113
121
141
110
126
130
110
140
129
117
119
127
125
121
118
130
127
125
119
108
116
118
125
107
125
136
121
122
121
115
118
113
92
113
121
123
116
122
141
121
100
98
132
119
112
116
123
125
126
108
118
125
123
140
125
120
110
112
115
109
118
118
114
117
110
93
122
114
121
110
130
135
109
123
122
107
106
116
135
107
109
109
122
113
112
110
105
120
105
110
108
114
122
108
103
125
107
101
114
114
113
98
118
113
123
112
114
103
119
107
107
117
108
122
113
119
118
98
110
121
90
132
125
114
120
108
112
129
125
108
129
106
99
105
108
109
108
113
102
102
109
123
131
96
123
106
101
111
106
100
118
102
99
115
102
107
108
86
102
107
100
119
97
105
112
95
111
94
98
89
106
96
110
109
111
116
108
79
95
118
108
106
89
98
108
107
114
97
103
96
103
108
113
125
111
103
119
108
89
109
96
93
105
110
124
85
115
94
80
102
92
103
99
99
100
108
119
116
118
105
104
114
99
95
93
111
79
106
109
117
94
106
102
116
102
114
108
96
109
93
91
124
113
104
112
94
118
120
107
108
116
112
108
122
106
95
94
101
108
90
109
102
112
100
112
93
101
83
111
112
117
95
111
91
105
102
101
91
113
107
110
85
96
87
96
105
98
94
109
109
109
83
108
82
94
107
94
99
85
111
100
103
87
108
121
93
109
97
107
109
99
104
102
98
91
113
100
106
97
94
85
101
99
103
105
96
87
104
91
89
103
99
100
108
93
110
103
99
91
96
94
91
105
92
102
88
120
102
115
94
107
94
111
113
106
97
96
109
51