85516
6419
3613
2551
1905
1527
1355
1106
1015
902
766
742
673
664
610
565
535
505
441
429
452
469
401
400
346
378
345
364
340
336
305
299
316
295
291
275
278
290
239
264
216
245
247
240
220
246
264
212
236
246
220
238
204
203
219
215
196
207
208
181
207
193
179
197
160
187
196
187
210
177
170
173
174
183
186
165
169
173
167
184
160
170
178
176
170
167
168
154
185
160
151
140
156
155
188
157
162
153
147
148
166
151
144
150
163
171
137
156
150
156
155
152
157
155
156
127
156
155
150
153
131
147
151
137
142
143
137
148
144
139
138
139
152
128
143
140
145
144
137
121
121
130
148
146
130
130
105
129
114
124
142
124
132
125
144
131
138
128
119
137
115
143
126
121
118
134
123
145
138
128
126
128
131
108
127
118
134
112
132
123
122
135
114
145
107
126
128
130
135
138
126
125
110
127
108
136
138
110
136
120
107
107
104
131
109
132
133
105
111
126
116
91
145
109
144
137
118
114
116
98
104
119
98
117
114
138
121
102
117
115
101
122
145
121
127
101
118
95
102
100
111
109
129
134
102
98
102
138
120
125
106
106
102
107
104
112
113
121
110
103
113
132
105
117
112
126
121
128
125
126
100
125
108
116
101
103
111
120
88
132
118
81
101
104
105
104
86
114
107
96
125
119
101
116
90
102
124
108
113
98
131
96
94
103
111
129
120
133
106
108
92
103
108
104
116
101
103
105
108
92
94
101
92
95
87
103
115
102
116
110
107
101
94
114
109
113
105
95
91
108
115
102
82
109
101
111
102
116
95
113
104
96
97
106
92
106
99
82
130
100
101
104
107
102
86
106
99
109
106
111
112
109
114
97
131
106
99
116
99
101
107
115
101
105
93
104
91
94
98
107
106
94
123
104
116
88
107
110
104
100
88
99
105
86
106
106
73
105
108
91
97
108
96
101
116
116
82
106
97
107
101
81
108
99
99
103
104
113
98
76
83
125
98
104
114
79
99
107
94
90
117
94
104
95
97
92
98
94
87
92
113
101
108
98
115
107
112
100
95
86
116
90
98
107
85
102
101
113
83
113
100
84
111
102
106
98
101
108
102
100
119
105
93
100
95
102
97
106
94
98
106
84
91
106
103
102
86
95
102
95
108
119
102
93
107
80
110
105
104
112
93
102
106
105
106
81
106
100
115
92
92
94
93
109
93
103
103
108
83
96
94
111
122
102
101
102
93
97
90
96
111
109
85
113
99
94
110
104
111
96
96
52