129643
9592
4925
3053
2216
1717
1377
1195
935
906
723
665
628
529
483
446
432
352
364
342
324
293
285
259
247
239
241
195
195
199
212
202
207
177
138
153
142
148
147
132
135
126
90
116
108
111
113
110
95
104
92
104
79
95
80
77
78
80
67
91
96
71
79
73
65
67
80
71
51
62
42
78
63
58
61
47
58
57
56
70
50
53
56
54
41
45
39
43
50
52
44
48
42
38
46
38
38
43
42
28
41
31
34
38
33
41
35
38
37
26
38
37
38
37
32
41
34
29
41
41
35
24
32
44
34
33
36
24
26
25
37
39
32
22
25
35
25
31
24
36
27
31
25
29
25
24
22
27
20
20
20
21
17
26
35
27
26
28
19
12
21
21
26
27
24
14
15
21
26
12
26
24
28
18
17
18
19
15
24
25
13
18
15
16
15
18
14
26
18
18
15
22
16
20
22
17
18
18
16
21
19
22
19
19
13
18
21
17
16
16
14
16
19
25
21
17
17
18
9
19
21
16
11
18
20
20
16
9
20
17
13
14
16
11
13
17
10
23
11
15
17
23
12
15
14
13
14
11
12
15
10
9
8
10
8
10
13
16
12
14
16
7
17
13
11
10
17
11
10
11
9
13
7
12
7
14
14
19
7
17
7
8
9
10
17
11
13
9
16
8
19
4
12
13
12
9
11
14
7
12
6
8
11
16
8
11
6
12
14
5
13
11
13
9
6
8
10
5
15
9
17
12
9
13
11
10
11
8
7
13
6
7
10
10
11
7
7
5
11
10
10
7
10
6
6
10
8
11
10
11
9
9
4
10
13
9
9
12
9
9
9
4
4
5
13
6
8
10
13
4
9
6
9
11
9
13
5
8
9
15
6
10
8
4
5
4
9
10
6
10
7
8
7
8
8
7
9
7
8
9
5
9
1
8
6
10
14
9
6
6
8
5
9
7
9
3
8
6
9
8
5
7
5
6
10
6
6
8
6
8
9
3
5
10
7
7
7
5
9
7
2
10
5
5
1
11
8
6
5
8
6
8
5
5
4
8
6
7
5
5
6
5
3
12
9
1
8
11
5
8
6
11
12
5
8
4
5
13
4
3
8
9
5
8
5
8
9
8
8
5
6
5
12
6
5
6
8
8
4
6
6
8
8
7
8
8
8
10
12
6
1
6
5
5
2
10
5
8
5
5
3
2
3
9
8
4
1
8
7
6
5
6
3
3
2
8
4
3
0
8
5
6
7
2
2
10
2
4
3
6
6
5
5
5
7
2
8
5
7
3
0
5
6
3
8
6
7
7
5
7
4
6
4
7
4
5
5
3
7
7
9
3
9
6
2
7
6
6
5
2
6
4
3
4
3
4
6
4
3
4
5
7
3
6
6
4
2
7
1
7
4
7
3
6
6
5
1
5
8
1
3
6
5
5
1
2
6
5
8
7
3
3
5
5
4
4
7
4
6
3
3
0
6
7
5
4
5
9
6
5
4
3
3
2
6
2
2
5
2
2
6
4
4
1
7
1
1
6
5
3
3
5
1
5
2
5
9
4
2
4
1
5
3
0
3
1
1
4
6
5
5
4
3
6
1
1
2
3
2
3
6
3
6
6
5
0
5
2
5
7
11
3
2
4
1
7
4
5
5
4
2
3
7
1
4
7
3
4
7
4
6
3
4
10
3
8
4
2
3
4
2
6
1
5
2
3
4
5
4
5
3
4
2
2
8
2
3
4
4
4
4
6
2
2
4
4
7
3
1
3
4
8
3
3
3
6
5
5
4
1
4
1
5
2
4
3
4
7
2
2
4
3
4
4
3
6
5
2
4
2
3
6
7
4
8
1
2
3
6
6
6
3
4
0
5
6
2
7
3
4
4
5
3
4
9
3
2
3
2
3
8
3
3
2
5
4
5
3
5
7
6
3
2
2
4
5
3
6
5
4
4
2
4
4
5
5
1
0
2
5
3
5
3
1
4
5
1
7
5
5
2
5
7
7
4
4
4
3
1
7
2
4
0
1
1
1
4
5
1
1
5
5
5
1
2
3
4
4
7
5
4
3
1
2
5
4
4
4
3
1
3
5
5
1
6
4
3
3
4
6
2
3
1
4
3
1
2
4
1
8
2
3
3
1
2
1
4
2
5
2
5
2
4
3
3
4
2
3
4
8
2
3
5
5
4
0
4
2
4
2
2
3
2
3
3
4
4
2
4
0
2
2
5
4
3
0
1
3
3
3
5
2
5
0
4
5
3
3
2
2
2
5
4
4
3
4
1
4
1
1
4
4
0
5
5
2
5
3
4
4
3
1
2
2
3
6
2
4
2
4
3
4
2
3
0
4
2
2
2
2
9
1
3
2
5
1
0
3
4
5
3
3
1
2
1
3
4
4
3
3
4
1
3
3
4
3
4
5
1
3
3
3
1
3
5
1
3
2
2
6
2
4
6
2
4
5
2
1
0
0
1
5
3
7
3
1
3
2
5
1
3
4
2
2
0
7
2
2
4
1
3
2
2
1
3
1
2
4
2
3
6
4
1
6
3
2
0
2
1
1
4
3
2
1
1
2
2
3
7
6
2
3
3
2
4
4
2
3
4
0
3
3
5
5
3
2
4
1
3
6
4
4
2
3
5
3
5
3
0
1
3
4
2
3
1
2
2
2
0
3
3
2
1
2
3
1
4
4
0
3
2
2
1
1
6
1
6
2
3
2
3
4
2
2
3
3
0
2
0
2
1
1
3
3
4
2
5
3
2
3
2
1
4
2
3
3
5
1
3
7
1
4
1
2
1
1
3
4
2
1
0
2
3
2
1
3
3
4
3
2
7
3
3
1
1
0
2
0
3
2
3
3
5
3
2
1
2
2
1
5
4
5
1
2
2
6
6
5
0
2
3
3
3
1
0
4
2
2
2
2
2
4
6
2
5
3
3
0
3
1
4
2
6
4
1
1
3
3
1
2
2
3
1
2
5
4
4
5
2
2
0
2
2
4
1
2
4
0
3
0
4
5
3
5
4
1
1
3
4
2
3
7
3
3
2
3
1
1
5
1
3
1
4
1
5
2
4
3
2
4
4
1
1
5
2
2
2
0
4
5
0
3
0
0
3
4
1
1
2
2
4
2
2
2
0
2
0
2
3
1
1
1
2
2
3
3
1
1
0
4
2
2
2
5
2
2
6
1
0
4
0
3
0
3
1
6
3
3
2
1
7
3
5
2
4
3
4
2
5
4
1
4
3
0
1
0
5
5
2
4
0
2
3
0
2
1
2
5
4
2
1
1
2
4
4
3
2
0
1
3
4
1
2
1
2
2
1
0
2
3
4
3
1
0
0
2
2
1
4
3
5
1
2
3
1
0
3
3
2
3
2
1
8
4
3
1
0
2
1
3
1
0
4
2
6
3
1
4
2
1
2
1
0
1
2
1
2
4
3
1
4
4
2
2
3
1
1
2
5
3
3
1
1
2
1
1
3
1
0
1
3
2
2
0
1
2
3
5
3
3
1
2
2
0
2
1
3
0
0
1
1
3
0
2
2
1
2
2
3
3
0
0
1
3
3
1
1
2
3
3
1
2
1
5
1
9
2
2
1
2
2
2
0
1
1
1
2
5
0
0
1
3
5
2
4
1
3
1
3
5
0
2
0
2
1
0
3
3
2
0
4
5
2
1
1
1
2
3
3
0
3
3
2
0
0
5
3
3
1
2
2
1
2
2
1
2
3
2
4
2
2
3
5
5
4
1
4
2
2
3
3
3
2
1
0
4
1
1
2
0
1
6
0
3
1
4
2
2
1
3
1
2
0
0
4
0
3
2
0
2
4
1
1
1
0
2
1
2
1
0
6
2
1
2
0
1
2
0
0
2
1
2
0
3
3
5
1
3
2
1
1
1
1
1
3
4
0
2
1
3
0
2
4
3
2
0
4
4
0
2
2
2
6
5
2
3
4
0
0
2
0
2
1
3
0
5
0
0
3
0
3
2
3
1
1
2
1
1
3
1
2
2
1
1
1
1
1
1
0
3
4
2
1
1
1
1
5
2
3
2
3
3
2
2
1
1
2
3
1
2
4
3
4
0
2
1
1
2
4
0
2
2
2
1
2
2
0
3
1
2
2
2
0
0
2
1
3
4
0
2
2
1
1
4
2
1
0
1
2
2
1
1
3
3
2
0
2
1
4
1
1
1
4
0
3
2
1
2
2
1
3
2
4
2
1
1
1
5
3
1
5
0
2
1
3
0
3
1
0
4
2
2
0
1
1
1
1
2
1
1
1
2
2
1
3
1
3
2
2
3
0
2
1
2
1
3
1
3
4
0
1
1
1
3
0
2
3
3
2
0
1
1
0
4
1
1
2
0
4
1
0
0
2
0
4
2
2
2
1
4
0
3
1
4
1
2
2
1
3
1
3
1
3
1
0
1
1
0
1
1
1
1
2
0
0
0
1
1
0
3
2
0
2
1
1
0
1
0
1
3
2
2
1
1
1
2
3
1
3
1
2
0
1
3
3
1
1
4
1
2
2
2
2
2
1
0
1
1
3
2
4
1
3
2
1
2
0
0
3
2
1
2
3
2
3
2
0
1
3
1
2
4
2
2
0
1
2
5
2
2
1
0
3
2
0
3
0
0
1
0
0
0
0
3
3
2
2
2
1
0
1
3
0
1
1
2
2
2
0
3
2
3
2
1
5
2
2
2
2
0
2
1
2
1
2
4
1
2
1
1
0
1
2
3
1
2
1
2
1
1
2
1
3
2
2
3
1
2
2
4
1
2
2
6
0
0
2
1
1
2
1
3
1
3
1
4
2
0
1
1
2
1
1
1
0
3
3
0
0
0
2
3
0
3
2
1
1
5
5
1
0
1
1
2
2
3
0
1
0
2
0
0
0
2
3
0
2
2
1
0
2
1
2
1
2
0
3
2
1
1
2
0
0
3
4
1
2
2
3
3
0
2
1
2
2
0
0
0
0
1
2
1
2
0
0
2
2
1
2
1
1
1
0
2
1
1
2
2
2
2
2
1
0
2
3
5
3
2
0
4
2
1
3
2
2
2
1
2
0
4
0
2
3
2
2
4
2
1
1
2
3
0
0
2
4
0
1
3
2
0
1
0
1
0
0
0
3
2
1
1
4
2
3
3
3
0
4
1
0
4
1
1
2
1
0
0
3
2
3
2
2
0
3
0
2
0
0
3
3
2
2
1
1
0
1
1
1
1
1
1
1
4
1
1
4
1
1
0
0
0
3
1
3
3
1
0
0
1
0
2
1
3
0
0
3
1
2
1
3
1
2
0
1
1
1
1
2
1
2
2
1
2
0
1
5
2
2
1
0
0
0
2
2
1
3
1
0
5
3
2
1
2
3
1
1
0
1
4
1
2
2
0
2
1
2
0
3
1
4
2
0
2
0
1
2
2
1
1
1
1
0
2
1
4
4
1
2
1
1
0
2
1
2
2
1
1
3
2
2
2
2
3
3
1
0
0
1
4
3
0
1
5
0
0
1
2
0
1
1
0
1
3
3
2
0
2
1
1
1
0
3
1
0
0
0
3
2
1
0
2
1
3
0
3
1
1
4
3
1
0
1
5
3
1
0
1
1
1
2
3
2
1
2
0
3
3
3
3
3
3
2
1
0
1
4
0
0
1
3
2
0
2
1
0
0
1
3
2
1
1
0
2
2
1
2
1
3
1
3
0
1
1
2
0
2
2
1
3
1
4
1
2
3
0
2
2
0
1
1
1
3
1
2
3
2
3
2
2
3
2
2
0
0
2
3
2
2
3
0
6
0
2
1
2
0
0
1
1
3
1
0
2
3
0
3
4
0
3
1
1
2
1
1
1
1
2
2
2
0
3
2
0
0
1
1
1
2
2
2
1
2
0
2
3
1
2
3
0
3
2
1
2
0
4
0
0
0
0
1
0
1
2
3
2
3
2
1
2
0
0
1
1
0
1
3
2
3
2
0
2
1
2
1
2
1
5
4
2
3
0
0
0
1
0
2
4
0
1
3
3
0
0
3
1
3
3
1
2
1
3
2
1
1
2
0
1
0
0
1
2
0
2
2
1
1
6
1
1
1
0
1
1
3
5
5
1
1
1
4
0
0
3
0
1
0
2
3
2
1
0
1
2
2
2
0
2
2
1
3
2
2
5
1
1
0
2
2
4
2
1
0
2
1
1
2
2
0
1
2
1
0
1
1
2
2
2
3
2
0
2
0
2
5
2
1
2
0
4
0
2
1
1
1
0
1
1
2
0
1
1
1
2
2
0
1
1
2
1
1
3
1
1
1
1
1
0
1
2
2
1
5
3
1
0
3
1
2
3
1
0
1
2
1
2
0
1
2
0
0
2
0
4
1
0
1
1
1
0
0
1
2
3
1
1
1
2
1
0
5
1
1
1
4
3
2
0
2
1
0
1
1
1
3
2
0
1
2
1
0
1
0
3
2
0
4
1
2
1
0
2
0
3
1
0
1
0
1
1
1
1
0
2
1
2
1
1
2
1
1
0
3
1
2
2
0
1
2
2
4
1
3
0
0
1
2
3
2
1
0
2
2
2
0
1
1
3
3
1
1
1
1
0
2
2
2
2
2
1
1
2
1
1
0
0
4
3
2
3
2
3
4
2
2
2
2
0
4
3
1
1
0
1
1
2
1
1
0
2
3
0
2
3
1
0
3
0
2
1
0
3
0
0
2
0
2
2
2
4
0
0
1
0
3
5
0
3
0
1
0
0
2
1
0
2
0
1
0
2
0
3
2
0
0
5
1
4
2
0
0
1
0
0
1
2
2
1
0
1
0
0
0
2
0
0
0
2
3
3
1
0
0
1
0
2
2
2
0
0
1
2
1
4
2
0
0
1
1
1
1
1
2
3
1
2
2
0
2
1
2
0
1
3
1
1
1
2
2
3
2
2
2
2
0
2
0
3
1
0
1
0
1
0
1
1
3
1
4
1
2
2
1
0
0
2
1
1
5
1
1
2
1
1
5
5
3
0
0
1
0
3
1
1
0
4
0
5
4
1
2
1
0
1
1
1
1
1
1
0
0
0
1
1
1
1
2
3
2
1
2
2
2
5
1
2
1
3
1
4
1
2
0
2
2
1
2
0
4
0
1
3
1
1
0
2
1
4
2
2
2
1
3
0
1
1
2
3
3
1
0
0
3
0
0
1
1
0
1
2
0
3
1
2
1
1
1
1
0
0
2
0
2
3
1
1
4
0
1
2
0
1
0
0
5
1
3
2
2
1
2
0
1
0
3
1
1
0
1
0
2
3
2
2
1
0
3
2
1
2
1
0
1
1
2
0
1
1
4
3
2
3
1
2
0
1
0
1
0
2
0
1
2
1
5
3
1
1
2
1
0
3
2
2
1
0
1
2
0
1
1
1
2
4
0
2
3
3
0
1
2
3
0
2
2
1
2
2
3
2
2
1
3
0
0
1
0
0
2
2
0
1
1
0
2
0
0
3
2
0
3
3
2
0
1
0
2
3
1
1
1
3
1
1
2
0
2
2
2
1
1
2
0
0
0
1
0
1
1
0
1
2
0
2
1
1
1
1
1
0
2
0
0
2
1
4
0
0
2
2
1
0
0
1
2
2
0
5
2
0
2
0
2
2
2
1
0
2
1
4
0
1
2
1
1
1
2
2
3
1
1
0
1
1
2
1
1
2
3
3
0
4
2
0
3
1
2
1
1
2
0
0
1
1
1
0
0
2
2
0
0
2
0
1
3
1
1
1
1
0
0
0
0
2
2
4
1
0
0
0
1
1
0
2
3
0
3
2
1
1
0
2
1
1
2
3
2
1
1
2
2
0
2
1
0
0
1
3
2
2
2
4
2
0
0
1
5
2
0
1
2
2
0
3
1
1
1
1
1
3
2
1
0
0
2
1
1
1
1
0
3
0
0
1
0
1
0
2
1
5
3
1
3
0
1
2
2
3
1
6
2
1
0
1
2
3
1
1
1
0
0
0
0
3
1
3
1
2
2
0
3
0
1
3
1
1
2
1
0
0
0
1
0
2
0
0
1
2
1
1
1
1
0
1
1
1
1
2
0
0
2
1
0
2
0
2
3
0
2
2
2
2
1
2
2
1
2
3
2
2
1
1
2
1
1
2
0
0
2
0
1
0
3
2
1
3
1
3
1
1
0
1
2
2
2
0
0
1
3
2
0
1
2
1
0
1
3
1
3
1
0
2
1
2
1
2
0
0
0
3
2
2
0
2
1
3
2
0
2
3
2
0
0
2
4
1
0
3
2
3
1
1
1
0
0
1
2
0
1
1
3
1
1
2
2
0
3
1
1
4
1
3
1
0
3
2
3
0
1
1
0
1
2
3
1
0
1
2
2
4
4
0
0
0
1
3
1
3
0
5
0
1
0
2
1
1
1
1
2
2
1
1
2
0
0
2
1
1
0
2
0
2
2
0
1
2
0
0
3
2
2
2
1
0
1
1
1
3
4
4
0
0
0
3
1
0
1
0
3
0
3
1
1
0
3
1
2
1
0
1
2
1
2
0
1
1
2
0
2
0
4
3
4
3
1
0
1
2
0
1
1
0
1
0
1
4
2
0
0
1
0
1
1
2
1
0
2
0
2
1
0
0
2
1
0
2
1
0
0
1
4
2
1
1
2
0
3
2
2
0
0
0
1
1
2
1
4
1
1
2
0
4
1
2
0
1
0
0
1
0
1
2
1
1
1
1
0
1
1
1
0
1
0
1
5
0
1
0
2
0
1
1
1
2
1
1
2
2
0
0
4
2
2
6
5
1
0
0
0
1
3
1
0
0
0
3
1
3
0
1
0
2
0
0
1
0
1
0
1
1
1
1
2
3
1
3
0
0
2
0
0
0
1
1
0
0
2
1
3
3
1
1
2
4
1
3
0
2
1
1
1
1
1
2
3
2
0
2
0
2
1
0
3
1
0
3
1
3
1
1
1
4
2
1
1
1
1
2
1
0
0
0
1
1
2
0
0
0
1
0
1
0
0
0
1
0
1
1
0
2
1
1
2
0
0
0
2
2
1
5
1
1
1
1
0
2
0
1
0
3
1
1
1
2
2
1
1
0
2
2
0
1
1
0
1
1
2
1
2
1
2
2
2
1
3
1
0
0
2
0
1
3
3
1
1
1
1
2
0
2
0
2
1
1
0
0
3
0
1
1
1
1
2
4
0
5
3
0
0
1
2
3
1
4
0
0
0
2
1
0
2
2
0
1
3
4
1
0
3
0
0
2
3
1
0
2
3
3
1
1
1
2
0
0
0
1
0
3
0
2
5
1
1
3
0
1
1
0
1
2
2
0
1
1
1
0
2
2
2
0
1
1
0
3
3
0
1
0
1
3
2
3
1
0
2
1
0
2
1
2
1
0
0
3
3
1
0
0
0
0
1
0
3
1
1
2
0
1
1
0
0
0
0
2
2
2
3
2
1
1
0
3
1
2
3
1
0
2
0
1
1
2
0
2
0
0
0
1
1
2
2
1
0
0
1
2
1
1
0
0
0
3
0
2
1
0
2
1
2
1
1
1
5
4
2
0
0
2
2
2
1
1
1
1
2
0
1
0
1
2
0
0
1
0
3
1
2
1
3
2
1
2
1
3
0
2
2
3
1
4
1
1
1
3
3
2
1
1
1
1
0
1
0
0
1
3
3
2
0
1
0
1
3
1
1
1
1
3
3
1
0
0
0
0
4
1
2
0
1
1
2
1
1
3
4
0
1
2
0
2
3
1
0
2
1
0
4
1
0
0
0
1
1
1
0
2
0
2
0
2
1
2
0
2
3
0
0
1
1
0
0
0
0
2
2
0
3
1
3
1
1
0
2
2
2
1
2
0
0
3
1
3
1
1
0
2
1
1
1
2
4
0
2
2
1
0
0
1
0
0
0
2
0
1
1
0
0
0
0
5
3
2
0
1
0
2
0
0
3
0
0
0
1
1
2
4
2
0
3
1
1
3
0
1