131213
9164
4593
2990
2121
1596
1315
1113
941
789
693
595
595
531
456
416
375
361
315
312
329
300
252
270
225
205
228
217
200
190
182
182
171
136
158
170
128
143
166
130
132
108
135
101
119
95
102
91
100
92
101
92
103
72
73
74
82
78
92
66
94
75
70
66
61
72
57
58
58
54
62
60
72
47
45
57
50
51
59
47
48
42
49
56
47
51
56
57
38
51
38
44
39
32
38
47
35
37
36
40
38
39
27
51
40
40
33
38
37
46
46
29
26
29
38
33
37
32
37
21
29
33
41
32
33
27
34
25
33
25
24
30
21
29
30
31
21
38
29
19
18
25
14
17
33
23
19
30
23
23
26
18
18
18
16
27
36
29
20
21
24
23
17
14
18
24
24
15
19
16
17
10
25
21
19
16
21
17
17
16
28
18
23
14
19
19
19
21
15
13
16
25
13
19
16
20
21
17
16
12
15
26
15
12
15
20
16
11
18
12
13
17
11
15
10
16
14
13
21
12
20
16
18
11
17
14
17
13
14
13
14
19
23
14
9
15
18
18
15
9
13
16
19
12
14
13
17
13
15
13
12
13
17
16
9
17
12
11
8
10
12
12
10
9
14
11
8
10
21
10
13
7
4
16
13
5
9
11
10
12
12
8
11
10
4
11
8
12
11
9
7
11
5
11
8
7
6
7
18
9
13
17
8
12
12
11
16
9
12
8
13
7
11
10
9
13
11
7
9
16
2
8
8
11
6
12
10
8
9
8
5
10
8
7
9
9
8
8
8
13
9
13
11
8
5
10
9
7
9
7
4
8
8
6
9
5
4
8
4
13
10
7
8
11
7
6
8
6
7
9
6
10
1
9
6
12
11
11
5
8
7
8
9
6
6
5
7
7
8
10
2
10
9
8
9
13
7
5
5
10
9
6
7
7
5
6
12
6
7
7
8
7
5
6
9
7
6
4
5
6
11
7
10
2
8
2
10
5
4
11
4
5
11
8
3
10
10
8
4
10
7
9
8
5
5
5
6
5
7
10
4
6
6
4
4
9
12
3
5
3
8
7
6
2
13
3
3
7
9
5
6
2
4
10
3
5
5
7
5
7
6
7
6
4
6
6
5
9
3
4
9
4
2
11
8
8
2
7
5
3
4
4
7
6
5
6
6
2
6
2
7
10
9
11
6
9
8
8
5
6
11
8
3
9
6
5
7
8
5
4
4
10
1
3
7
5
8
5
6
6
8
3
6
8
4
6
9
3
3
3
4
2
7
7
6
3
6
6
6
5
2
6
7
5
5
3
4
3
6
6
1
7
5
4
2
10
6
7
6
4
2
3
4
3
4
7
8
5
5
5
5
2
3
5
5
3
1
9
6
2
8
4
6
10
4
2
6
4
4
5
8
4
6
3
8
6
1
7
7
5
5
7
3
6
4
1
0
3
4
9
7
5
6
4
4
3
5
4
5
4
4
2
3
0
5
5
3
2
4
4
3
7
4
3
6
6
4
5
5
4
10
4
3
2
4
4
2
6
0
5
1
5
5
7
2
2
4
4
4
5
1
1
4
6
9
4
5
6
3
3
3
5
6
2
6
5
11
3
4
2
9
3
1
4
5
1
2
5
2
4
3
4
4
7
5
1
5
4
4
4
7
6
3
2
1
3
4
4
4
7
5
3
5
6
2
4
3
1
3
7
6
1
2
2
4
2
7
8
1
7
5
4
4
1
1
4
1
4
3
3
8
2
1
5
6
3
6
2
5
5
7
4
3
0
4
4
2
3
5
5
8
2
2
3
3
4
1
3
2
2
4
5
6
3
2
6
6
4
1
5
0
1
1
1
2
3
5
1
2
7
2
3
2
6
5
6
2
7
4
2
7
1
2
1
6
3
4
2
2
3
4
1
5
2
1
2
3
4
1
3
3
3
2
3
2
2
4
5
3
2
6
7
0
2
2
3
3
3
3
1
2
4
5
4
4
4
1
2
3
3
3
4
4
1
2
2
6
8
3
4
4
5
2
1
2
2
1
2
1
2
3
2
3
4
3
3
4
2
6
1
4
2
4
1
2
4
5
5
2
1
2
8
2
5
4
5
1
4
4
4
4
6
4
2
4
2
2
2
4
1
2
6
2
6
3
0
3
5
6
4
3
5
2
6
3
3
5
1
0
2
5
0
1
1
2
2
3
1
4
1
6
3
1
0
2
5
4
0
1
3
3
2
2
2
4
5
0
1
1
2
5
4
5
4
4
2
0
2
5
5
0
3
1
3
5
3
2
0
5
3
2
3
3
0
3
1
3
1
4
4
3
2
1
1
1
1
1
3
2
4
3
3
2
3
2
5
2
4
5
2
1
3
1
4
1
2
1
2
2
1
1
5
2
4
5
3
2
1
2
2
2
2
5
1
5
3
1
2
2
1
3
3
3
4
0
1
2
0
4
0
2
1
2
4
2
4
1
3
3
1
4
2
5
4
4
5
2
3
1
3
3
4
1
3
1
3
1
5
2
3
0
0
8
9
2
3
2
2
2
0
1
5
2
2
4
5
3
1
0
6
4
5
4
4
3
4
3
5
1
1
1
2
4
2
2
6
0
2
6
2
0
2
2
2
1
4
2
1
1
0
5
2
2
2
3
5
3
5
3
1
2
2
0
6
0
6
3
1
0
5
4
2
1
3
2
2
3
4
4
4
3
2
4
1
2
2
6
5
0
2
2
2
1
1
6
2
6
1
1
3
3
2
0
3
1
2
2
1
1
3
4
2
2
5
2
2
3
1
3
4
3
5
2
3
1
1
3
0
2
1
2
4
1
1
0
4
4
3
2
4
1
0
1
3
3
0
2
2
3
4
2
1
3
1
2
4
4
2
0
3
3
5
2
5
3
0
1
2
1
6
3
2
3
4
0
3
0
4
0
2
1
5
4
1
2
3
5
0
0
5
1
2
2
2
6
2
1
4
5
3
1
3
2
4
0
2
1
2
3
3
2
2
1
3
2
1
3
2
3
2
1
2
4
4
1
1
3
2
2
1
6
5
4
3
2
4
3
2
4
2
1
2
2
2
4
1
1
0
2
0
1
3
2
1
2
1
3
3
2
3
1
3
3
2
3
3
1
1
3
0
2
2
0
2
0
1
2
1
0
3
2
0
2
2
1
5
3
1
1
4
3
4
2
6
1
5
1
2
2
0
3
4
5
2
1
2
1
2
2
1
4
1
3
2
2
4
1
2
3
2
4
1
0
1
3
0
3
2
0
2
1
3
0
1
4
1
0
5
1
1
2
1
2
2
2
3
4
4
1
5
1
2
0
1
3
4
0
0
0
1
1
3
4
3
3
0
2
0
7
0
2
4
5
0
0
2
3
2
3
3
4
1
2
4
3
0
5
0
2
1
3
3
2
1
4
1
2
3
2
3
2
3
3
1
5
1
4
4
0
2
2
1
2
2
2
1
4
5
2
4
0
2
1
5
4
1
3
2
1
2
2
1
1
1
1
1
2
1
4
6
0
0
0
2
0
2
3
1
3
2
2
4
2
2
4
3
2
3
2
3
1
3
3
3
3
2
0
4
2
1
1
1
0
1
0
3
2
1
1
0
1
3
6
1
3
2
2
3
0
2
3
5
2
0
2
2
0
2
3
1
1
2
0
3
1
3
0
2
0
1
1
1
0
2
4
5
0
1
2
0
3
2
4
1
2
3
1
4
1
1
1
4
2
2
3
0
5
3
0
1
2
2
0
0
3
2
1
1
2
0
1
5
2
5
5
1
1
2
1
2
3
0
0
3
0
1
0
3
4
0
3
0
2
4
1
0
3
2
2
1
1
2
3
1
0
1
2
0
0
1
3
0
0
4
3
2
2
1
3
2
1
2
6
4
1
0
1
2
3
3
3
2
3
0
1
4
0
1
2
0
2
1
1
5
2
1
1
3
3
2
2
2
1
5
2
2
3
2
1
2
4
1
2
0
3
1
2
1
2
2
3
2
3
2
1
3
1
1
1
2
2
1
2
1
1
2
2
0
4
0
3
1
2
2
2
1
1
3
2
0
1
1
2
0
2
1
4
3
2
2
2
1
0
2
1
2
0
4
3
0
2
2
2
1
2
2
1
2
0
2
0
4
1
0
2
1
3
0
2
0
2
2
1
2
2
0
2
1
2
3
0
5
0
3
3
2
3
2
2
2
2
0
0
4
2
0
0
1
3
1
1
2
3
2
3
2
1
2
2
1
1
2
1
1
1
0
0
3
2
1
2
2
1
2
1
3
1
1
1
2
4
2
6
2
2
1
0
1
1
2
1
4
1
1
0
0
1
0
1
2
3
3
2
3
2
0
1
1
1
2
0
3
0
0
2
2
0
2
1
2
3
1
3
1
3
0
2
1
3
1
3
0
1
4
2
2
1
1
2
2
1
1
2
2
0
2
2
1
1
0
3
0
1
0
2
4
3
0
0
2
0
0
0
1
5
1
2
1
0
0
4
2
1
1
1
2
5
4
4
5
3
1
0
0
4
3
0
1
1
3
2
1
2
3
1
3
2
3
1
2
5
1
3
1
2
3
3
1
3
2
1
0
1
0
0
1
1
1
0
3
2
3
1
1
1
2
2
4
4
2
1
0
1
1
1
3
5
0
2
1
2
0
1
2
3
0
2
2
2
1
1
0
3
1
1
0
2
1
1
3
2
0
1
1
2
2
4
3
1
1
1
1
2
4
3
2
1
4
2
1
2
2
3
0
0
1
4
1
1
2
1
2
0
0
2
1
2
0
0
3
1
1
2
2
1
2
2
1
0
0
0
1
2
1
1
1
2
4
2
2
1
0
1
3
4
0
3
0
2
2
0
3
4
0
2
2
2
1
0
1
1
2
1
1
1
1
1
2
0
0
1
0
0
1
2
2
1
3
1
0
3
3
2
1
2
1
3
2
2
3
1
1
1
1
1
3
1
1
2
1
1
3
1
3
1
0
1
5
1
1
1
3
2
3
2
0
2
1
0
1
0
1
2
1
0
4
1
1
1
3
0
2
1
3
1
3
1
2
4
1
1
4
2
2
0
2
2
2
3
1
1
0
0
1
1
1
1
1
3
1
3
1
1
1
2
2
3
2
1
1
2
1
0
1
2
4
1
0
0
2
3
1
3
0
2
1
0
4
2
3
0
2
2
1
0
2
0
2
1
1
1
1
1
2
1
1
3
2
2
2
1
2
2
1
1
3
1
1
1
2
2
0
1
0
1
1
1
0
0
2
0
0
0
4
1
0
3
0
2
1
2
0
0
1
2
3
1
2
2
1
4
3
2
0
2
0
0
1
2
1
4
1
1
2
2
2
3
1
2
2
2
2
1
2
1
1
1
3
1
3
2
0
2
1
3
1
0
2
0
3
4
1
2
0
0
1
1
0
4
1
2
3
3
2
2
1
3
1
0
1
0
3
1
1
2
1
3
1
2
0
0
5
0
1
2
0
3
2
0
0
0
0
3
5
2
2
1
2
3
0
0
0
1
3
0
1
1
1
0
3
0
1
1
1
2
0
2
4
0
0
3
1
3
1
2
2
1
1
1
2
2
4
0
1
0
3
2
1
5
4
2
0
3
2
2
1
1
2
1
2
2
2
2
2
2
0
0
1
2
1
1
1
2
1
2
4
0
1
1
1
2
0
2
1
1
2
5
3
2
1
1
0
4
1
0
1
0
1
0
4
0
2
2
0
3
4
3
1
2
0
2
3
2
3
1
4
2
0
0
0
2
1
2
1
2
2
6
2
3
4
2
2
0
0
5
1
0
2
1
2
3
1
1
3
1
1
3
1
1
3
2
1
0
1
0
1
3
2
1
2
2
1
1
4
0
3
1
3
3
0
0
1
2
2
2
2
0
2
0
0
1
2
2
1
3
1
1
2
1
2
0
1
0
3
2
0
4
1
2
3
2
2
1
0
1
1
3
0
2
3
3
2
1
4
2
3
3
0
1
1
4
1
0
1
4
0
2
4
0
1
2
1
3
1
0
3
1
2
1
3
1
3
2
1
1
1
0
0
2
3
2
1
1
0
0
0
0
1
0
3
1
2
0
2
2
2
1
3
1
1
0
1
4
2
1
0
3
3
2
1
6
0
1
0
0
1
1
3
4
1
2
1
0
1
1
1
0
2
1
1
0
1
0
1
0
2
1
2
1
0
1
1
1
1
1
0
1
1
1
3
3
1
0
3
0
0
1
1
1
2
1
1
3
1
1
3
0
0
0
2
0
0
3
2
0
1
2
3
0
2
1
4
4
0
0
4
1
3
0
1
5
2
2
3
1
1
2
0
2
0
2
1
2
1
1
1
0
0
0
1
3
3
1
0
0
2
0
2
0
4
2
5
0
3
0
1
1
1
0
1
1
1
2
4
1
1
1
1
1
0
4
2
2
4
1
0
1
1
2
2
3
1
2
0
1
1
1
0
0
0
2
2
1
0
1
0
0
0
2
0
2
1
5
2
1
1
2
1
1
0
0
1
1
0
2
0
1
1
1
1
0
1
1
1
0
6
0
1
1
0
0
3
1
0
2
2
2
3
2
0
1
0
0
2
2
3
2
4
0
0
0
4
1
1
0
0
0
1
2
0
2
2
1
3
2
1
2
1
4
0
1
0
2
3
2
2
3
0
2
2
1
2
0
0
2
1
3
0
2
1
1
0
0
2
1
1
1
1
1
1
1
3
2
0
0
4
1
2
2
2
1
1
3
2
1
0
3
3
0
0
0
0
0
2
2
3
2
0
1
0
0
0
0
2
0
1
2
2
0
1
2
2
1
2
2
3
1
1
0
0
0
1
3
3
2
1
0
2
1
1
0
2
1
1
2
0
3
0
0
1
3
0
0
0
2
1
1
4
2
1
1
4
2
0
0
2
2
4
0
0
1
0
2
2
0
2
0
0
2
3
0
3
1
2
3
0
3
1
2
1
3
0
1
3
2
2
2
2
1
0
1
0
1
4
0
3
3
1
1
3
0
0
0
0
1
1
0
1
1
1
2
1
2
0
0
1
0
0
1
1
0
0
2
2
3
0
1
0
3
0
1
1
2
0
1
3
2
0
1
3
1
0
1
0
2
1
1
1
2
0
5
2
1
1
1
1
1
1
1
2
1
1
1
0
2
2
2
1
0
1
1
1
1
1
1
2
2
0
0
5
3
4
0
1
0
3
3
3
2
1
2
1
2
3
1
0
1
0
4
0
1
1
0
1
3
2
1
0
0
1
1
0
0
3
0
1
0
0
5
0
1
0
3
0
2
0
0
1
2
0
2
2
2
0
4
1
0
1
0
1
3
2
0
2
1
2
0
2
1
1
2
1
1
0
2
1
1
1
2
1
1
4
2
1
0
2
1
1
1
2
0
2
2
1
2
0
2
2
1
2
0
1
1
0
0
1
4
0
1
1
1
1
2
1
4
0
1
0
3
4
1
2
2
2
1
0
1
1
2
1
1
2
0
1
2
4
1
1
0
3
1
0
1
1
3
0
0
2
2
1
1
2
0
1
3
1
0
2
0
4
0
0
2
1
0
1
0
2
0
2
0
1
0
1
2
4
1
0
1
0
2
0
0
1
3
2
2
1
4
4
0
2
2
0
2
0
0
2
3
2
0
1
2
0
1
1
3
1
2
0
1
0
2
1
2
0
0
3
2
2
2
2
1
1
2
2
1
1
0
0
1
2
0
1
1
2
0
0
0
1
1
0
2
0
0
3
1
0
4
0
0
0
1
1
2
2
1
2
0
0
3
0
1
2
4
4
1
2
1
0
0
0
0
3
2
0
1
4
1
1
0
2
2
3
1
4
0
0
1
3
3
0
0
0
0
0
2
0
1
0
0
0
0
1
0
1
1
0
0
2
2
2
3
1
1
2
0
1
0
1
2
1
0
0
4
0
1
0
0
4
0
0
0
1
3
0
0
0
0
0
2
0
2
0
1
1
0
2
0
2
2
0
1
0
1
0
1
0
0
3
0
3
3
1
2
1
3
1
4
1
2
0
0
0
3
2
0
5
4
1
1
0
1
2
1
3
1
1
2
0
0
1
1
1
0
2
0
1
1
1
1
0
2
2
2
2
1
0
2
0
1
1
0
2
1
2
3
1
1
1
1
0
0
0
1
2
1
1
1
1
0
2
1
1
3
2
1
1
1
2
0
3
3
2
0
2
0
3
0
0
2
2
3
4
0
1
0
2
1
2
0
1
1
1
0
0
0
3
0
1
1
1
0
2
2
4
0
0
0
0
2
2
0
2
1
3
0
0
1
0
3
3
1
0
1
0
3
1
0
1
0
1
2
0
3
4
1
0
1
2
3
1
3
0
1
0
1
2
0
2
2
4
3
1
0
0
0
1
0
2
0
0
1
2
0
0
1
3
1
1
1
0
1
1
2
2
0
2
6
0
2
0
2
1
2
1
0
1
2
0
1
0
1
2
3
0
3
2
0
0
2
1
1
1
0
1
1
3
0
1
2
1
2
2
1
1
0
3
1
0
0
3
2
1
2
1
1
1
1
1
0
1
4
0
1
2
1
1
0
1
1
0
4
2
1
2
1
2
3
2
2
0
2
3
1
0
0
1
2
0
2
2
0
0
1
1
1
1
1
0
2
2
0
1
0
1
2
1
2
0
1
1
3
1
1
0
2
0
1
3
1
0
0
1
1
1
0
2
2
1
2
0
0
2
2
0
0
0
1
3
1
1
1
2
1
0
1
5
3
2
0
0
1
0
2
2
2
0
0
0
2
2
0
4
1
0
2
0
2
3
0
1
1
0
0
0
1
0
3
2
0
2
2
2
2
4
0
2
2
1
1
2
0
0
1
3
1
2
0
1
0
2
1
3
3
2
1
1
0
2
0
0
1
1
0
0
1
0
2
1
0
2
2
1
0
0
1
0
0
1
3
2
1
0
1
1
0
1
0
1
3
3
3
1
0
0
1
0
3
3
0
1
1
2
0
0
3
1
1
0
1
1
1
0
0
0
1
1
0
2
4
2
0
1
1
0
1
1
0
0
0
1
3
0
0
1
3
0
0
2
1
2
2
1
2
1
0
0
1
2
2
1
1
1
1
0
2
0
0
0
1
2
2
0
3
1
2
2
0
2
1
0
2
1
2
0
1
1
0
0
0
0
1
1
0
0
1
0
1
1
3
1
2
2
3
2
0
3
0
0
1
0
0
0
1
1
2
1
0
0
1
2
0
3
2
1
0
2
1
1
3
2
0
0
2
1
0
0
1
1
2
0
1
1
2
1
1
2
3
1
2
1
1
0
1
2
1
0
0
1
0
1
0
3
2
1
1
2
0
2
1
1
0
3
0
2
1
1
0
1
1
1
0
0
1
0
1
1
3
0
1
3
1
1
0
1
2
1
0
1
0
3
0
0
2
1
1
1
2
1
0
1
0
0
1
1
0
1
1
1
0
0
0
2
0
1
2
2
2
0
1
1
1
1
2
2
0
0
1
0
0
2
0
2
0
2
1
2
1
1
0
0
1
0
0
3
0
1
0
2
0
0
0
0
2
2
1
1
0
2
0
1
0
0
0
3
2
2
1
0
1
1
0
1
0
1
0
1
0
0
0
1
2
0
0
0
2
0
1
0
1
1
0
2
2
2
0
1
1
1
2
0
0
1
0
0
2
0
0
0
2
0
1
1
3
0
2
0
0
1
0
3
1
1
0
0
1
2
1
4
1
0
0
2
1
1
2
0
1
0
1
0
3
2
1
2
0
1
1
0
2
1
2
0
1
1
1
1
0
1
1
1
1
0
0
3
2
1
0
1
0
2
1
0
0
1
3
0
2
1
0
0
0
0
1
0
0
2
1
1
1
1
1
2
0
1
2
2
0
0
0
1
0
3
2
2
0
0
0
1
1
1
2
0
2
1
2
2
1
2
0
3
0
2
1
0
0
0
1
4
4
0
1
2
0
0
2
1
0
2
1
1
2
1
1
2
2
1
2
1
0
1
2
2
2
1
0
3
2
1
2
1
2
0
2
1
1
3
0
1
0
0
0
0
1
0
3
2
1
0
1
2
1
1
3
3
3
0
2
2
2
0
0
0
1
1
1
0
1
1
1
1
0
1
3
1
2
2
2
1
2
1
1
1
2
1
0
1
1
2
2
1
1
1
1
0
1
0
0
3
0
0
2
1
1
1
2
1
1
0
2
1
1
0
2
0
2
0
0
1
1
1
3
0
0
3
1
0
0
0
2
1
1
3
1
0
4
0
1
0
1
0
1
0
0
0
0
1
3
1
0
2
2
2
1
1
2
3
0
2
1
2
1
1
1
0
0
0
0
1
1
4
0
2
0
0
1
3
0
2
2
2
1
1
0
2
0
1
1
1
0
0
1
1
1
1
0
0
3
1
2
0
0
1
2
0
2
2
1
1
1
2
0
0
1
1
1
0
0
0
1
2
2
1
0
1
1
2
1
0
0
1
0
2
1
0
2
0
1
1
0
0
0
3
1
3
2
1
0
1
0
1
0
2
1
0
0
2
0
0
0
0
2
2