86412
6518
3717
2545
1931
1577
1323
1034
1019
915
800
783
667
596
589
567
487
471
508
441
417
432
335
393
367
342
322
371
337
330
330
341
299
306
300
277
258
263
250
253
241
239
269
238
228
244
263
208
204
223
237
228
216
186
221
240
210
211
170
205
236
185
191
184
185
197
156
165
165
182
174
184
196
182
177
162
158
162
183
173
164
185
195
163
149
164
175
179
133
149
173
150
169
181
150
156
158
168
171
136
138
153
159
168
163
169
132
130
148
155
135
144
166
149
157
127
146
138
142
137
148
150
165
130
144
126
132
142
125
145
147
152
127
137
126
137
132
139
141
130
123
119
134
140
127
134
141
142
139
132
128
131
138
138
136
147
113
129
140
136
142
147
136
138
131
114
147
149
146
106
137
128
118
133
114
111
142
109
110
131
130
113
127
119
133
116
117
116
137
112
131
136
113
122
119
116
111
126
115
129
139
124
108
110
113
115
118
106
139
118
120
107
106
119
122
121
121
135
120
109
115
110
109
108
92
111
105
118
117
121
135
123
102
102
123
129
124
105
117
104
119
103
98
112
118
125
121
102
105
115
127
121
102
95
114
109
107
136
130
115
109
111
110
105
98
134
121
120
114
104
132
114
126
126
114
109
129
112
104
123
99
122
118
107
101
98
102
116
107
110
122
113
111
123
100
84
102
128
113
103
101
103
105
116
102
119
94
104
110
90
98
123
106
108
113
87
104
129
108
106
104
119
87
97
99
103
106
102
107
88
117
101
90
90
106
96
115
100
113
110
88
112
119
98
105
126
113
112
91
94
85
93
85
112
92
97
108
87
81
109
98
117
118
107
104
89
96
110
104
129
97
106
99
103
91
102
90
93
98
92
101
122
102
113
117
102
114
105
106
113
86
104
112
112
93
107
90
108
104
101
104
97
90
89
77
99
112
99
107
118
108
111
122
100
114
93
107
103
117
104
95
111
104
92
107
103
110
98
106
94
106
85
79
93
106
104
86
95
115
89
89
95
110
95
92
80
106
97
96
95
93
104
89
110
94
95
96
105
98
88
94
111
100
98
129
106
84
110
93
101
104
94
86
97
90
83
91
93
91
82
103
93
103
97
100
86
96
81
101
119
96
99
105
102
105
105
91
101
94
100
87
133
93
105
86
86
104
91
112
106
93
96
100
109
105
104
106
86
96
96
91
100
112
104
108
95
104
93
113
101
87
81
108
92
95
102
111
106
99
89
91
96
101
92
112
123
101
97
84
100
81
85
79