948
978
987
938
978
937
1017
1024
1010
1050
996
965
973
971
947
980
970
1003
974
965
927
995
937
971
991
1001
983
908
1000
983
984
923
962
949
929
959
921
926
914
997
965
963
954
1051
989
986
999
1028
1033
1034
924
983
945
943
971
992
1007
997
944
998
982
987
1010
1023
1006
967
1007
955
968
996
1014
952
989
925
956
952
970
1028
945
1029
965
999
967
1014
974
974
1045
988
1007
959
995
992
1040
988
1009
989
1021
993
1020
993
1014
935
1020
986
1019
920
979
987
1006
939
964
979
987
1027
1003
970
988
1006
989
981
1003
995
993
971
924
931
972
955
960
976
943
1018
1010
949
1030
1002
967
931
919
966
966
975
948
968
972
986
994
985
992
902
967
1002
998
971
952
988
964
938
984
956
1008
1008
954
1028
976
1016
980
956
997
985
926
963
995
985
1020
959
975
943
965
984
968
978
944
985
967