129231
9660
4798
3059
2238
1640
1362
1124
953
800
728
641
611
517
453
404
400
371
331
328
314
276
232
265
255
194
224
211
204
154
193
169
188
161
147
174
162
115
124
105
127
115
117
128
115
88
108
105
91
90
98
91
99
98
86
77
77
87
95
93
80
78
70
78
63
79
69
58
71
85
68
55
59
59
57
54
45
56
50
75
53
48
56
45
51
52
59
50
39
42
56
49
42
42
50
39
38
34
31
36
42
41
40
37
31
31
35
35
30
34
29
21
32
33
22
40
27
32
22
34
23
27
32
30
30
38
28
28
27
25
29
26
33
25
20
28
20
25
21
24
27
27
33
19
25
18
27
27
22
20
30
20
26
17
19
21
23
16
16
28
21
23
24
19
11
30
22
20
30
17
16
16
24
17
16
22
13
22
17
14
18
12
16
25
20
9
24
12
15
14
19
16
22
18
17
16
16
25
16
16
18
11
23
26
8
22
18
18
15
19
17
15
17
15
14
24
18
16
18
17
10
20
14
12
15
24
15
14
13
19
15
17
11
15
16
13
8
20
14
15
12
11
16
16
12
19
15
10
8
22
15
14
17
9
13
9
7
13
10
13
13
14
16
9
10
7
10
8
14
8
7
16
11
16
7
12
12
13
12
8
15
8
13
13
16
8
9
11
11
12
15
8
13
12
10
10
12
18
16
7
7
10
9
13
16
11
8
10
10
13
10
6
9
6
5
7
15
10
12
7
9
10
10
9
10
5
9
9
11
8
11
11
9
7
5
11
14
12
8
13
9
6
9
14
8
10
17
10
5
18
12
19
8
8
6
4
7
6
8
13
14
12
6
7
6
10
8
7
6
6
10
8
8
8
13
8
6
8
6
9
7
8
4
7
9
7
8
9
9
6
7
9
3
4
5
5
4
12
12
6
6
8
6
11
8
6
6
5
9
9
10
6
7
6
5
9
9
7
2
5
4
4
5
4
5
5
6
3
8
10
7
6
10
6
9
3
8
8
10
7
6
8
6
5
5
8
6
1
10
4
2
7
5
5
10
3
8
3
6
9
5
8
4
3
13
10
8
4
8
7
5
7
11
9
4
4
7
9
4
6
1
2
2
3
6
6
3
6
5
2
11
3
4
6
7
8
5
6
6
6
4
2
3
5
8
3
3
7
7
4
8
4
7
1
6
9
2
6
6
8
6
2
6
5
7
3
8
5
7
4
5
4
6
4
3
4
4
2
4
4
3
3
3
2
8
8
1
7
6
6
2
5
4
6
5
9
2
6
5
3
6
5
5
6
3
6
3
5
5
6
5
5
1
5
9
5
6
2
6
7
4
8
8
2
7
8
3
1
3
3
4
6
8
6
2
6
9
8
5
5
3
7
3
2
7
4
7
2
2
4
5
5
4
8
8
8
3
5
2
1
6
3
8
4
8
4
3
3
2
0
3
4
9
5
4
5
4
1
5
2
8
7
3
3
4
1
5
4
5
6
5
1
3
3
3
4
4
3
4
7
3
3
4
2
6
5
4
5
7
7
9
6
3
4
5
7
6
8
4
7
4
6
3
7
6
2
3
2
2
6
4
4
2
3
3
2
5
6
4
5
4
3
4
7
1
8
3
1
3
4
4
3
4
3
3
5
4
2
6
5
4
6
3
4
2
0
3
1
2
5
3
4
3
1
4
1
5
6
1
1
8
2
4
6
3
5
5
2
6
2
2
6
5
4
2
3
2
3
5
3
4
2
3
4
5
4
5
9
4
3
3
5
2
1
2
4
6
2
3
6
5
5
6
4
4
0
7
3
1
4
4
1
3
4
5
7
4
9
8
9
6
4
4
3
4
5
2
2
3
0
3
4
5
3
1
4
4
8
4
1
1
2
2
2
4
3
4
6
7
3
3
3
0
4
6
3
5
2
4
3
0
2
6
6
2
4
1
3
1
2
2
9
3
1
2
1
8
3
3
2
5
5
4
6
5
2
3
0
5
2
2
3
3
5
0
3
1
3
3
3
4
5
3
2
2
2
1
4
5
4
1
2
4
5
5
1
4
3
1
3
1
1
4
2
6
2
4
2
6
1
2
3
6
4
5
2
3
4
4
4
5
3
2
1
1
4
4
2
3
1
4
0
2
5
4
6
2
6
1
3
3
6
5
2
3
1
1
0
2
1
3
5
1
1
1
2
4
3
3
2
1
4
4
3
2
4
4
2
3
4
2
1
1
4
2
6
5
3
0
4
3
2
3
5
3
5
7
4
5
3
2
6
2
2
2
6
4
3
3
3
2
4
0
6
4
5
3
1
3
5
2
5
3
0
2
3
2
4
2
3
4
1
2
3
4
3
1
5
5
1
1
5
2
4
2
4
1
3
1
2
2
5
4
3
3
1
3
3
5
2
1
1
5
2
2
4
1
0
3
1
2
3
3
4
1
4
3
4
3
0
1
5
2
3
2
0
3
1
2
2
1
3
2
1
2
3
3
2
0
3
7
2
2
2
4
2
1
1
2
8
1
1
0
3
1
3
3
2
2
3
4
2
3
2
1
0
0
5
4
0
4
3
3
6
3
2
1
3
1
5
3
1
1
0
3
7
8
4
3
6
0
5
1
0
1
1
2
3
4
4
1
2
0
4
4
1
3
4
1
0
4
4
1
3
4
2
2
3
1
4
3
4
3
3
2
4
1
0
5
2
3
3
4
3
1
2
2
3
4
4
4
4
2
3
4
1
4
3
3
2
4
0
3
3
1
1
4
3
0
3
4
4
2
2
1
2
1
0
3
1
3
1
4
0
0
1
2
2
2
1
1
1
2
1
3
1
1
7
3
2
3
2
2
5
6
5
2
1
1
2
4
3
3
3
1
3
0
6
4
3
1
1
2
2
2
3
3
2
2
0
4
1
4
4
2
2
1
3
3
1
3
2
1
3
2
1
0
0
2
2
2
2
2
3
2
2
4
1
2
3
1
0
3
4
3
5
1
3
3
4
3
2
2
2
2
4
2
1
3
3
2
5
0
1
3
2
3
2
3
2
1
4
2
2
2
2
2
1
0
2
4
3
1
4
1
1
4
3
3
1
1
1
2
2
4
3
2
3
4
2
3
2
7
1
6
3
4
2
2
2
2
4
4
1
1
2
0
5
1
4
1
3
4
3
3
1
0
2
4
3
0
3
1
1
0
3
3
3
1
2
5
5
1
4
0
3
2
1
4
1
3
1
1
2
2
2
2
0
3
2
3
4
1
1
2
0
6
0
3
1
0
1
4
3
3
5
1
2
1
1
2
3
3
3
4
2
3
1
1
4
1
2
3
1
3
1
1
0
0
2
4
2
1
3
1
1
1
4
1
3
2
0
2
3
3
1
1
5
1
2
1
1
1
4
2
2
5
1
2
2
3
2
0
3
3
0
2
0
0
2
2
2
3
2
1
1
0
3
2
6
1
3
2
3
1
3
3
2
3
4
0
1
1
3
3
4
2
2
2
2
5
1
3
0
0
1
1
3
1
0
3
2
5
4
2
3
3
1
1
0
2
3
1
4
1
1
4
1
3
2
3
6
2
3
1
4
1
2
3
4
2
2
2
3
0
1
2
2
2
2
0
2
3
1
1
0
1
3
2
3
3
1
3
2
3
1
4
2
3
1
0
3
1
2
3
1
5
0
1
3
1
1
2
1
5
2
1
2
3
2
2
1
3
2
2
0
2
2
3
2
2
0
1
2
4
0
0
2
1
2
1
2
2
0
3
5
3
1
2
3
2
1
1
3
3
2
2
2
2
4
0
1
2
2
1
4
3
2
1
3
4
0
2
1
3
2
5
1
3
2
1
1
2
2
1
2
0
3
2
3
0
2
0
0
1
2
4
0
0
1
0
0
1
1
1
0
0
1
1
2
0
0
1
3
2
1
2
3
1
0
0
4
3
2
0
2
0
2
3
2
1
0
1
2
2
1
1
4
1
1
2
4
1
4
0
1
2
2
2
0
2
2
3
2
0
1
3
3
4
0
1
2
0
4
0
1
1
1
2
4
0
0
2
5
0
1
0
4
0
3
1
0
1
2
4
1
3
3
2
3
0
0
1
1
0
0
1
5
1
1
0
4
2
2
0
3
0
3
2
4
0
1
2
0
0
1
3
1
2
1
0
3
3
1
2
0
2
0
1
0
2
2
1
2
2
1
1
0
2
2
2
2
1
2
2
3
1
1
2
2
3
2
2
1
3
0
4
0
4
3
2
1
2
3
2
1
2
4
1
3
2
4
2
2
0
1
1
1
1
3
0
3
3
3
1
0
3
4
1
1
3
2
1
1
0
3
1
2
1
0
1
0
1
2
2
3
5
1
0
2
4
0
0
1
1
0
1
2
2
1
2
2
1
2
3
1
2
1
4
1
0
3
1
0
0
0
0
1
2
2
4
1
2
1
0
2
1
1
2
0
1
2
4
2
1
2
1
4
4
4
2
0
1
2
7
0
3
2
1
0
3
1
2
2
1
0
4
1
0
2
2
3
2
4
2
1
4
2
3
0
2
1
1
2
3
2
1
2
0
1
2
2
1
3
3
2
1
2
1
1
0
4
2
3
1
4
1
3
2
2
3
1
1
0
2
1
0
2
3
3
1
1
0
2
1
3
1
1
3
0
1
4
2
3
6
3
0
2
3
1
3
1
3
3
2
2
1
2
0
2
2
2
2
1
2
1
2
5
1
1
1
2
0
3
0
1
3
1
3
3
2
4
0
1
1
3
1
1
4
3
3
3
2
1
2
2
0
1
4
1
0
2
0
4
2
1
1
0
2
1
1
1
1
2
1
1
0
2
1
1
0
3
1
1
2
2
1
2
1
2
0
2
0
0
0
1
1
2
3
2
2
1
1
0
1
1
0
1
1
1
2
3
1
1
1
0
3
2
1
3
0
2
2
3
0
0
4
0
1
2
1
0
1
2
2
1
4
3
1
1
2
1
1
2
4
2
2
0
0
2
1
0
3
3
1
0
1
0
1
3
1
5
2
0
0
4
1
0
2
0
2
0
1
3
0
1
1
0
1
2
0
4
1
1
1
1
1
2
0
1
0
2
2
1
3
2
0
1
1
1
1
2
1
1
3
3
2
3
1
1
3
3
0
1
2
0
2
1
2
1
2
3
0
2
2
1
2
2
2
0
3
2
0
3
3
1
1
2
2
4
1
1
4
2
1
2
2
1
3
3
1
2
0
0
2
0
0
1
1
4
0
0
0
0
1
2
2
0
1
1
0
2
3
1
2
1
1
1
2
2
1
3
3
1
1
2
2
1
0
2
2
2
1
0
2
1
3
1
1
4
0
0
1
2
2
1
1
1
3
0
1
1
5
1
0
2
0
0
0
2
0
3
0
1
2
4
2
5
4
2
4
0
3
2
1
1
1
0
0
3
1
1
5
1
3
4
3
0
2
3
0
1
2
1
0
1
0
1
4
2
2
1
4
1
1
2
4
1
0
1
2
1
2
3
2
1
1
0
3
2
0
4
2
3
1
1
2
1
2
1
1
1
2
1
3
2
0
1
2
3
0
0
2
2
1
1
1
0
2
2
1
1
3
1
0
1
4
0
2
3
0
2
2
1
1
1
2
0
2
2
2
2
1
2
0
2
0
2
1
1
1
1
1
1
7
2
3
1
2
1
1
3
2
1
0
4
1
4
0
1
0
1
2
3
2
2
3
1
2
3
2
1
2
0
0
3
3
1
1
4
0
2
0
4
0
0
0
0
0
4
2
1
3
1
1
1
1
0
4
2
1
1
1
0
0
2
1
3
1
1
2
0
1
2
1
1
2
1
2
0
3
2
1
1
4
1
0
2
1
2
1
1
1
1
1
0
1
2
2
1
1
3
2
5
1
4
2
0
1
2
3
0
4
2
2
3
1
3
4
0
2
4
2
3
2
3
2
0
0
0
2
0
0
1
3
2
1
2
2
1
1
0
1
0
1
3
0
2
1
0
2
0
0
2
0
2
1
3
1
1
2
1
1
1
3
1
0
1
2
0
1
1
1
1
0
0
4
0
1
2
1
0
1
0
0
1
0
1
1
1
2
1
1
0
1
3
0
1
1
1
2
1
2
1
1
0
2
0
2
0
0
2
1
1
3
2
1
2
1
2
0
2
5
0
1
1
1
3
1
0
2
0
2
0
0
1
0
1
2
1
2
0
2
1
0
1
0
2
5
0
3
1
0
4
3
0
1
1
1
3
0
0
0
1
0
1
1
0
3
1
2
1
0
1
1
2
1
1
1
1
1
1
3
1
0
3
0
3
0
1
3
0
0
1
1
0
3
3
2
1
2
1
0
1
1
0
1
1
2
2
1
0
5
2
1
0
3
1
2
2
3
2
1
1
4
3
1
1
0
3
3
2
3
0
3
0
2
2
0
1
1
2
0
2
2
4
2
1
1
2
1
1
3
1
1
2
1
0
0
0
0
1
2
0
0
0
3
4
2
0
2
2
4
1
0
3
3
1
2
1
2
3
1
2
2
2
1
1
2
0
1
1
2
2
2
2
2
2
0
2
4
1
2
0
1
1
1
1
1
0
0
3
0
1
4
6
2
0
6
0
2
1
3
1
0
1
1
1
3
1
1
1
2
1
0
3
1
1
1
1
1
0
0
2
2
0
0
1
1
0
0
3
3
1
3
2
1
1
1
2
1
3
1
2
2
1
2
1
1
1
1
1
4
1
0
1
2
1
1
0
1
1
3
0
1
0
1
3
1
1
0
2
0
0
0
0
1
2
1
0
1
1
1
1
2
0
3
0
4
1
1
1
2
0
0
1
1
3
0
1
2
1
1
0
3
1
2
2
2
0
2
2
2
0
3
3
2
4
0
1
1
1
0
1
1
5
0
1
0
4
0
1
2
0
2
0
0
3
0
3
2
1
3
1
1
2
1
0
0
2
1
1
0
1
2
1
2
1
0
0
2
2
3
1
2
0
1
1
1
3
0
1
1
0
3
2
2
1
2
0
0
1
1
1
3
1
1
3
1
1
0
1
1
3
0
1
0
2
2
1
0
1
1
1
0
2
0
0
1
2
1
1
3
0
0
3
1
1
1
0
2
1
2
1
0
0
2
2
3
1
0
1
1
2
2
1
1
1
0
2
1
2
0
2
0
2
1
2
1
1
2
1
1
1
1
0
0
1
1
1
2
2
0
1
3
3
6
0
0
2
1
1
2
2
1
0
0
4
2
1
0
1
0
0
3
1
1
1
2
1
1
0
3
1
0
1
1
3
0
2
1
3
0
0
1
3
0
2
0
0
2
1
1
1
1
2
4
0
0
2
2
2
0
1
2
1
1
4
2
0
1
2
1
3
0
0
2
2
1
1
1
1
0
1
2
2
2
0
1
1
1
3
1
1
3
1
3
3
0
4
4
5
0
0
0
0
0
2
0
3
0
1
0
0
1
1
0
0
4
0
0
0
1
3
2
0
2
2
1
0
2
1
2
1
1
2
0
1
2
2
1
2
0
2
3
0
0
2
0
0
0
2
2
1
3
2
2
1
1
2
2
2
2
0
0
2
2
0
0
1
1
3
1
3
1
0
4
1
2
2
1
4
0
1
0
0
2
1
1
1
2
1
0
0
2
2
2
1
2
1
1
4
2
2
0
3
3
1
1
0
3
3
1
1
1
1
2
2
0
0
2
1
0
0
0
0
1
0
2
2
2
0
1
0
3
3
4
2
1
1
2
2
2
0
2
1
0
1
1
0
1
1
1
1
1
0
1
0
2
2
1
1
0
2
1
0
1
1
1
1
0
0
2
0
0
0
0
0
1
0
0
0
1
1
1
2
2
0
2
0
3
2
2
1
0
2
2
0
4
0
0
1
2
1
1
2
1
0
0
0
1
1
0
3
0
2
2
0
3
0
3
1
0
2
0
1
4
0
2
1
2
0
2
4
2
1
1
3
2
1
3
3
3
0
0
2
0
1
1
1
1
2
0
0
2
0
0
1
0
2
2
0
2
3
1
2
0
1
2
0
1
4
1
0
0
0
2
0
2
0
2
3
1
1
1
0
0
1
1
3
1
1
2
0
3
1
0
2
0
2
1
1
1
2
1
1
1
1
0
0
0
0
2
0
0
1
0
0
3
1
1
1
3
2
1
1
0
0
1
2
1
0
2
1
3
0
0
1
1
1
0
2
0
1
0
4
2
2
0
0
1
2
0
2
5
0
0
0
1
0
3
0
4
0
0
1
0
0
1
0
1
0
0
0
2
0
1
0
0
0
1
1
3
0
0
1
1
2
1
1
5
0
1
3
1
3
3
2
0
0
1
2
2
1
1
0
0
0
1
1
1
2
1
2
3
0
0
0
0
3
1
0
1
0
3
0
2
1
0
0
2
1
0
1
1
1
0
2
1
3
0
1
0
2
1
2
2
1
2
0
0
1
1
1
1
0
0
0
1
0
0
1
2
0
0
2
1
1
0
0
0
0
1
0
0
0
2
1
0
2
1
0
1
0
0
1
2
0
2
1
0
0
2
1
3
0
1
1
0
1
1
0
0
1
1
0
1
2
1
1
1
1
0
1
1
0
1
2
1
2
1
1
2
1
1
1
3
0
5
2
1
0
2
2
0
1
1
0
0
2
1
4
0
1
1
2
5
1
0
2
2
1
1
2
1
1
1
0
4
1
2
1
3
2
0
0
2
3
0
0
3
0
1
3
3
2
2
1
2
0
2
0
1
1
1
1
0
0
3
0
1
2
0
2
0
2
0
3
0
0
3
1
1
1
2
1
0
0
2
2
2
1
2
1
1
2
1
0
0
1
2
0
0
2
0
0
0
2
1
2
0
0
0
1
1
2
2
0
3
0
2
1
2
1
0
2
0
3
1
1
0
0
0
2
2
1
3
0
0
2
1
3
0
1
1
0
1
1
2
2
2
1
0
1
0
0
3
2
0
0
1
1
0
1
1
2
0
1
0
0
2
1
1
2
1
1
3
4
1
0
2
0
0
1
3
0
0
2
1
1
2
3
1
1
3
4
0
1
0
0
0
2
1
1
3
0
0
0
2
2
1
2
0
0
0
3
3
2
1
1
0
2
1
0
1
1
1
1
1
1
1
3
0
4
1
5
0
0
0
1
0
1
0
0
2
0
1
2
0
0
2
3
1
0
0
1
0
0
2
0
1
2
2
0
0
3
0
3
3
2
1
0
0
1
0
3
2
2
1
1
2
0
0
2
1
1
1
0
0
0
1
2
1
3
1
0
2
3
0
3
0
3
0
0
1
1
2
4
1
1
1
1
1
0
1
0
0
2
2
6
1
1
2
1
1
2
0
0
2
2
1
1
3
0
0
1
0
0
1
2
0
0
1
3
4
1
1
1
0
2
2
3
0
0
0
0
1
1
2
1
0
0
1
2
1
3
0
1
0
1
0
2
1
0
1
1
2
1
0
0
1
3
1
1
1
0
1
2
2
3
2
0
0
1
0
2
2
2
0
2
0
1
0
1
5
0
0
2
1
2
0
2
2
1
2
1
1
2
0
0
0
1
0
2
1
2
1
3
1
1
1
0
1
1
1
3
1
0
3
2
0
1
0
2
0
2
1
1
1
1
1
0
0
0
0
2
2
4
3
1
3
1
2
2
1
2
1
0
1
1
1
1
3
2
3
0
2
1
0
0
0
2
2
0
0
0
2
1
0
1
2
2
2
2
1
2
1
1
1
0
0
1
0
0
2
1
2
1
1
2
1
0
2
0
0
0
2
6
0
2
0
1
0
0
1
1
2
1
0
2
1
1
0
1
0
0
4
0
1
0
1
1
1
0
4
1
0
0
2
1
0
0
2
0
1
2
1
0
2
2
2
2
2
0
1
1
0
1
3
2
1
0
1
2
1
3
1
1
0
1
2
0
0
2
1
0
1
0
0
1
2
2
3
1
1
1
0
0
2
4
2
0
1
1
1
0
2
1
3
0
1
0
0
3
1
0
0
3
0
1
0
1
0
0
0
1
2
0
1
1
1
0
1
2
1
3
1
1
1
3
1
0
0
0
1
0
0
1
0
0
0
2
0
1
0
0
0
2
0
3
0
1
3
2
0
1
2
0
0
2
1
1
1
0
4
2
2
2
0
1
0
0
0
0
0
4
1
1
0
1
2
0
1
1
0
0
1
1
0
1
1
0
1
4
0
0
0
2
1
0
0
0
0
0
2
2
0
1
3
2
1
0
0
0
1
2
1
2
2
2
1
1
0
3
4
0
0
1
0
0
1
1
1
1
1
2
0
0
1
3
6
1
1
2
3
0
0
2
3
0
0
2
0
0
0
3
2
1
0
0
2
1
1
2
1
1
2
1
1
2
0
2
0
3
2
0
0
1
0
1
2
1
0
0
1
3
0
0
2
2
2
0
0
2
1
0
2
3
1
0
3
1
3
1
0
0
0
1
0
0
3
1
0
0
0
0
0
2
1
3
4
0
1
0
2
1
1
2
0
2