1009
953
982
983
1030
986
980
943
1011
955
971
981
995
967
941
951
949
953
1016
959
944
1006
978
980
976
1001
968
967
1014
984
973
958
979
953
984
966
1027
959
958
923
922
983
997
1021
1026
1007
952
965
1008
1007
949
994
1000
940
995
982
1000
952
993
1006
957
924
912
944
1005
945
950
969
996
992
976
959
992
941
970
939
988
1043
1001
946
931
1037
1014
950
914
1010
994
987
992
941
995
1007
983
1012
998
974
968
1001
972
961
955
998
998
978
1006
1005
1003
975
961
993
958
1006
935
1033
955
1023
1013
1014
936
955
965
1000
948
1000
983
932
1079
939
980
1037
995
965
998
939
1005
993
1016
963
939
954
977
1009
971
931
1000
939
973
990
1001
979
991
984
1019
986
940
954
934
1002
1009
988
989
966
918
1009
929
992
1016
956
989
993
986
962
973
1001
934
989
986
984
1009
916
973
975
966
944
994
959