1006
984
966
956
901
977
965
948
987
965
928
906
988
959
979
987
902
968
948
1015
948
946
953
973
975
951
1007
965
978
944
946
932
968
923
955
972
940
999
941
951
946
923
991
950
977
981
975
996
990
939
975
953
945
1011
974
925
1000
979
999
921
964
975
990
900
975
991
990
979
936
1011
988
996
977
945
957
959
997
1017
997
948
994
985
1007
949
1016
960
965
976
978
938
975
991
991
969
1003
922
961
1002
943
985
960
967
1049
1010
969
957
992
973
976
1024
998
1013
1004
969
966
1011
962
987
936
962
961
933
950
975
979
975
998
951
953
1026
934
966
1017
925
971
973
958
970
941
1005
962
908
958
997
999
948
1021
987
928
976
985
1024
970
945
960
995
1004
998
970
970
938
942
956
936
963
950
949
989
993
928
928
968
892
994
999
950
986
964
958
982
922
973
1019
945
987
998