105497
6256
3562
2525
1950
1614
1441
1290
1123
1123
986
890
855
817
786
743
700
723
633
632
619
597
588
601
524
543
554
521
522
500
478
511
470
509
490
452
451
498
464
421
428
480
447
408
452
426
444
426
447
406
451
409
398
440
409
387
442
403
362
369
345
370
353
399
362
371
340
393
368
356
348
373
365
377
342
362
362
366
373
368
360
358
340
364
330
338
371
336
363
378
351
329
382
315
324
320
335
358
353
313
343
355
339
323
339
352
394
335
336
355
333
293
324
327
319
330
342
290
310
341
340
344
354
330
316
332
321
288
318
304
358
317
335
298
327
291
316
315
302
314
334
321
293
310
331
331
312
340
323
288
292
305
305
327
330
311
326
323
321
327
300
292
323
287
313
336
318
342
289
312
267
282
303
337
322
337
309
284
297
114