98053
6294
3687
2614
1884
1565
1384
1186
1044
926
829
830
742
692
699
601
597
570
516
511
494
452
453
474
465
411
381
403
406
383
391
352
333
325
344
349
304
349
298
314
305
307
310
308
300
273
298
296
294
257
297
260
276
297
266
281
256
257
249
264
260
239
241
231
258
230
253
249
267
223
234
239
224
262
215
233
207
210
211
216
229
242
229
210
225
222
223
242
227
220
224
191
200
228
199
176
209
199
229
192
216
186
219
194
215
214
211
208
190
183
205
181
211
183
186
179
199
193
183
190
193
209
192
206
197
181
196
197
206
177
187
194
209
189
190
174
202
210
188
198
172
168
186
180
212
151
168
191
204
186
185
177
198
188
168
205
176
173
196
201
184
179
179
190
180
165
198
175
178
182
169
171
170
189
209
185
163
165
156
169
180
174
193
177
185
184
161
181
162
167
176
154
172
171
150
147
167
176
170
195
164
160
145
189
169
156
152
160
171
170
157
173
173
174
155
187
169
157
164
162
156
169
158
166
160
178
164
175
175
171
163
160
186
185
167
153
156
150
159
151
159
163
187
162
161
164
139
146
193
171
186
152
173
158
173
173
156
181
162
159
159
164
161
188
149
154
165
155
161
154
147
162
173
143
165
149
154
167
163
159
159
150
162
156
152
161
143
139
156
151
153
150
171
171
178
151
141
166
148
167
166
159
156
162
161
141
163
146
160
152
169
153
175
156
151
150
170
162
151
137
165
147
170
180
160
168
177
167
144
170
152
159
151
175
154
171
157
146
148
134
141
147
155
153
145
149
159
149
150
164
161
141
141
157
143
163
139
138
123
122