103678
6158
3637
2585
1954
1715
1327
1237
1131
988
985
881
881
826
790
695
673
627
651
612
630
659
572
576
578
521
510
516
540
483
517
485
495
509
482
471
462
475
400
432
448
454
455
419
395
438
424
421
393
428
438
398
396
393
389
400
410
392
407
373
383
380
352
411
365
404
394
367
402
378
401
361
339
329
373
352
409
371
381
378
354
355
346
374
341
333
361
375
342
334
354
316
347
310
335
327
356
349
359
351
390
339
338
342
375
340
348
336
324
297
358
369
353
323
331
351
336
324
323
335
346
341
331
319
338
328
323
266
328
335
331
303
335
329
304
337
308
330
330
305
343
309
328
299
353
315
319
293
302
349
287
338
319
311
290
278
289
306
310
304
328
331
309
316
299
334
323
324
313
351
294
285
316
323
288
312
302
265