104653
6122
3534
2478
1921
1739
1503
1187
1164
1071
998
888
854
791
752
773
697
697
667
630
651
628
586
532
567
551
560
522
534
526
489
487
448
519
470
472
457
432
452
470
428
372
446
435
425
435
419
418
392
410
416
390
430
410
408
385
402
368
382
364
410
412
383
379
378
376
367
348
377
386
347
340
355
355
320
376
354
379
382
396
339
374
343
346
391
356
372
352
329
329
333
370
357
341
337
364
346
360
330
355
321
321
289
336
361
327
336
331
328
335
340
319
356
330
326
336
339
317
330
330
310
377
347
309
321
345
300
306
309
332
328
343
316
321
307
329
301
298
318
337
339
302
280
303
318
341
323
306
299
330
312
328
319
314
327
308
320
325
298
300
311
297
306
328
299
336
310
303
308
329
296
313
344
279
261
302
290
300
294
311
95