92574
6926
3864
2617
1993
1659
1323
1232
1053
916
884
777
736
623
660
557
525
556
489
448
464
437
379
426
376
379
356
386
347
344
304
306
283
313
304
290
263
266
260
274
271
275
246
279
245
242
196
248
237
196
240
219
216
212
231
234
198
196
222
241
205
195
192
176
175
163
190
190
184
177
172
159
182
172
173
178
171
201
157
163
163
166
183
162
175
175
179
171
157
139
158
173
141
155
153
150
150
150
155
161
170
145
155
158
118
153
157
132
153
145
141
155
140
168
145
168
135
127
156
135
133
140
142
140
140
143
140
127
155
130
132
128
130
140
111
142
134
126
141
124
147
122
131
132
132
136
132
127
123
144
112
137
125
133
116
116
121
117
138
120
122
110
128
115
100
138
111
122
122
117
135
120
115
118
121
107
115
116
111
116
123
115
112
101
120
124
128
104
121
126
110
110
110
118
103
99
118
114
111
109
133
122
123
141
122
104
134
104
112
142
124
117
124
148
113
99
125
106
131
93
119
128
138
108
113
92
103
122
97
104
109
121
113
116
112
91
117
127
107
93
111
127
123
106
98
97
101
115
107
103
115
107
94
120
102
101
115
102
122
93
115
106
110
117
88
112
100
110
119
123
90
98
107
118
100
106
108
104
120
97
108
119
126
113
122
105
109
99
129
113
119
98
112
111
111
99
114
106
128
114
108
110
116
93
116
111
97
102
98
95
114
88
89
93
115
123
98
96
100
101
95
108
116
116
101
112
95
87
92
111
100
122
97
95
98
109
82
91
117
90
88
91
102
108
101
92
98
126
101
116
108
99
101
96
107
105
94
110
82
106
95
98
104
98
86
87
119
88
106
118
107
112
109
88
120
100
118
100
99
89
103
90
98
88
87
86
106
94
81
86
88
102
103
93
103
103
113
97
98
107
108
115
98
83
94
78
98
82
95
95
90
91
116
106
87
106
86
90
105
105
88
89
95
112
93
79
88
112
91
103
100
115
86
103
103
108
86
95
89
103
110
97
94
105
87
94
92
82
111
121
111
106
108
94
95
100
97
98
103
79
108
99
116
106
99
97
89
79
112
99
100
89
85
90
82
91
97
104
89
98
100
92
83
79
98
102
88
91
86
82
94
97
87
102
85
86
90
96
99
81
89
100
80
104
91
84
112
82
88
98
91
76
98
85
100
95
97
78
92
107
93
98
110
102
96
88
93
72
81
76
87
104
99
92
93
88
90
94
74
98
84
110
99
92
104
86
79
83
97
80
104
97
98
73
91
87
93
94
100
70
97
97
101
85
102
92
107
109
86
86
75
102
87
92
98
96
82
74
93
84
98
88
96
85
102
83
88
74
91
96
76
102
91
92
91
92
68
97
79
89
90
53