97693
6421
3598
2521
1970
1580
1390
1111
982
943
858
757
720
706
604
620
619
553
521
464
484
520
441
434
447
427
441
389
381
371
372
345
355
341
334
350
303
328
348
326
329
303
306
329
313
296
264
272
255
270
284
260
276
291
260
288
256
256
245
274
258
239
270
243
213
208
238
251
218
216
215
228
230
242
212
239
244
215
218
214
253
224
237
230
198
212
208
195
202
233
198
213
190
194
204
179
190
191
203
181
240
188
204
195
210
219
209
197
184
194
190
222
238
213
165
204
184
203
210
189
176
201
198
205
179
214
186
172
198
185
186
175
209
176
200
163
194
175
158
205
169
173
165
168
204
189
189
175
188
183
172
159
181
190
178
177
169
198
193
180
159
183
175
168
177
180
174
153
139
205
182
156
161
187
155
169
166
191
177
183
203
192
170
153
149
171
146
158
173
170
143
153
195
192
181
159
162
161
185
177
185
172
157
165
183
167
172
140
178
172
171
168
187
171
173
178
172
155
169
162
152
181
192
182
156
167
177
176
157
180
180
162
162
151
186
159
173
177
154
156
160
187
169
155
157
153
153
174
165
160
184
174
174
166
143
167
168
170
173
140
167
140
143
170
150
177
179
155
151
155
146
170
164
146
136
162
159
163
164
162
149
181
137
151
148
156
146
157
165
140
160
168
140
158
144
153
165
153
140
149
155
168
149
161
145
149
166
163
143
125
150
145
145
173
150
142
162
159
159
166
156
158
154
163
146
172
177
152
133
166
168
140
161
161
163
139
178
169
151
154
143
145
164
146
150
131
137
159
149
164
157
130
138
137
133
159
140
152
73