94341
6696
3840
2562
2063
1658
1331
1153
1005
911
849
809
720
691
624
561
558
537
512
461
453
427
398
382
397
369
367
342
331
363
294
334
322
306
301
262
276
280
264
290
257
249
225
237
223
223
221
220
231
216
236
201
205
184
196
201
242
203
207
192
205
173
190
184
209
191
190
186
201
190
174
181
189
198
201
182
153
188
183
164
155
163
187
179
189
148
155
164
153
152
155
148
163
151
163
166
160
128
154
147
162
145
139
115
142
123
140
148
162
136
153
158
140
152
127
132
169
129
124
147
130
123
145
131
124
149
140
147
146
166
125
123
115
139
124
115
156
120
147
118
127
153
130
115
108
139
125
131
110
134
153
122
116
126
135
112
133
114
130
114
128
109
127
125
128
117
124
140
119
109
116
138
121
109
108
129
119
132
104
133
113
130
127
115
120
125
113
117
110
112
99
126
129
118
127
120
120
121
122
122
113
112
111
129
94
123
117
134
103
100
103
110
112
98
88
102
93
136
105
125
106
99
99
116
102
107
132
108
133
121
111
104
118
124
116
117
111
120
82
109
116
118
109
106
123
107
120
104
108
102
98
110
109
103
108
94
111
109
103
108
120
119
108
104
113
117
92
113
107
101
118
101
123
113
104
121
106
106
94
91
114
114
107
98
111
107
117
99
107
96
125
119
103
77
102
98
92
88
105
105
98
115
89
104
106
97
95
113
106
100
115
91
118
102
105
116
95
88
102
121
105
100
122
111
116
113
104
96
115
97
109
107
101
111
95
94
113
101
98
107
90
102
112
102
98
98
98
86
88
113
109
95
96
93
105
91
100
104
100
101
62
101
110
91
89
96
106
103
93
93
85
91
103
90
101
108
96
110
91
94
79
118
92
91
106
97
97
111
92
110
116
100
88
87
85
90
126
102
101
90
95
107
110
103
123
99
89
81
105
88
96
96
123
86
97
100
104
100
80
100
100
97
88
101
88
110
90
90
84
82
80
93
95
76
112
94
106
91
82
113
102
91
82
105
103
99
116
98
88
105
82
95
84
83
109
97
86
91
90
86
84
93
84
97
92
89
113
102
127
93
100
84
99
113
89
89
92
89
79
74
88
90
98
101
91
94
99
102
102
110
102
87
107
87
80
103
98
88
93
89
99
87
92
87
92
92
104
93
90
102
94
95
97
79
109
102
98
86
80
98
102
83
101
78
92
76
100
107
96
100
100
110
91
74
96
84
102
93
81
96
86
89
100
114
104
97
83
83
124
94
84
92
91
88
112
96
83
94
108
87
96
108
75
109
120
96
100
89
100
72
108
98
95
83
74
83
95
96
107
88
86
66
72
98
86
93
87
95
95
85
97
76
85
84
97
85
98
94
88
53