99087
6421
3692
2516
1901
1581
1311
1148
976
944
855
817
769
675
650
624
546
536
540
544
487
506
447
451
434
450
418
425
385
376
378
381
333
327
312
313
330
312
310
351
369
288
311
266
324
291
283
298
291
296
281
270
278
295
240
275
263
259
224
267
272
246
267
275
251
252
250
248
254
271
257
212
225
228
214
237
221
199
208
211
210
229
239
232
238
229
221
186
226
229
220
213
217
214
197
207
215
191
200
190
194
184
195
214
217
197
197
196
195
209
213
185
182
195
217
216
206
197
199
178
222
213
199
194
173
185
221
184
188
197
186
190
182
165
172
165
184
189
205
180
174
183
191
195
180
183
173
197
174
164
180
174
190
182
175
200
195
177
175
171
173
187
155
161
182
163
164
178
172
173
185
184
190
185
170
201
178
171
173
166
161
169
206
184
189
186
175
203
154
158
145
184
140
199
169
174
157
189
175
192
186
147
198
183
189
170
186
166
170
151
160
178
160
160
168
185
181
185
152
189
153
140
179
172
192
154
153
174
172
175
164
180
163
193
158
172
174
155
157
152
192
157
166
179
189
161
149
171
151
157
147
154
170
175
176
176
176
171
174
166
165
157
145
174
171
163
157
158
168
164
156
152
179
153
177
145
173
163
155
172
148
165
171
165
150
185
141
169
155
182
146
150
170
154
163
163
155
147
180
154
175
165
196
160
184
163
161
161
158
169
182
156
153
136
145
158
149
157
148
142
176
140
160
147
163
159
162
140
155
143
155
173
169
147
157
176
154
161
151
153
174
164
139
167
146
162
141
169
141
163
146
165
166
168
170
103