92031
6548
3822
2574
1941
1613
1332
1146
1019
896
851
762
724
729
608
552
546
546
476
454
445
399
434
396
347
383
347
359
328
337
343
312
307
320
276
268
278
295
277
235
265
261
245
247
250
246
271
227
235
246
232
218
230
229
227
210
208
211
190
199
208
203
189
192
208
198
196
196
211
172
170
176
185
194
196
197
166
196
156
195
165
150
182
165
158
160
144
166
171
181
158
176
164
166
141
159
138
168
171
141
140
155
144
135
141
146
122
149
136
151
139
150
153
135
149
143
147
141
142
146
158
142
145
138
140
146
135
134
133
141
147
153
147
128
148
115
117
135
153
140
124
143
131
122
137
115
133
139
124
133
104
121
122
124
126
139
113
148
121
129
128
128
126
121
108
103
123
122
130
128
123
123
118
130
126
135
134
114
126
112
101
120
131
130
119
123
113
123
120
127
112
130
116
131
123
121
116
142
117
106
127
125
105
124
122
106
137
114
135
123
131
112
128
104
131
111
126
122
123
116
87
132
126
108
116
105
112
106
114
121
99
115
136
114
98
97
103
98
120
107
105
118
120
106
112
108
116
105
108
103
98
125
104
91
93
106
117
119
118
99
110
110
102
99
100
124
105
86
96
124
103
110
107
119
124
98
109
119
97
101
126
110
100
129
92
92
102
106
126
113
89
106
87
103
113
104
106
99
108
117
96
111
103
93
115
111
112
107
101
101
103
110
110
119
104
95
96
94
89
109
117
90
118
110
107
120
126
137
125
115
93
91
108
105
97
107
95
91
110
78
94
89
78
95
123
110
100
105
98
107
94
115
104
92
114
96
94
113
95
99
122
101
98
95
96
102
93
114
94
100
87
102
108
100
106
110
104
83
105
96
107
93
99
91
109
111
117
90
104
113
100
110
85
86
123
119
113
103
99
95
113
85
99
83
102
90
105
91
113
94
84
116
90
89
102
99
108
100
97
68
98
85
99
102
94
100
90
103
91
97
108
95
101
92
103
106
100
99
94
90
101
105
94
92
99
110
110
94
95
91
99
104
93
108
98
122
95
88
90
84
94
102
91
99
112
76
89
88
104
89
118
103
86
89
93
100
95
107
111
82
85
82
97
115
108
87
89
83
91
107
90
105
85
100
103
109
73
91
83
113
91
88
75
129
89
112
90
82
101
85
87
91
96
102
98
100
93
98
106
109
94
99
113
96
81
87
107
98
101
120
92
88
91
83
80
94
98
91
101
106
85
88
88
78
94
97
90
98
83
86
97
91
97
96
99
102
108
83
98
89
98
96
80
92
102
85
85
86
74
98
77
79
89
86
91
93
95
80
86
93
102
97
99
98
95
96
87
90
86
84
89
58