182368
12910
7365
5161
3814
3309
2798
2518
2149
2048
1810
1703
1534
1497
1380
1304
1252
1181
1144
1145
1101
1053
950
967
901
960
869
898
853
809
858
809
792
808
739
792
784
739
711
691
699
726
679
730
681
735
676
672
641
699
677
646
626
633
587
654
577
609
596
593
596
574
568
589
606
604
607
556
576
595
566
581
560
559
582
583
548
558
554
559
578
531
554
530
509
519
534
502
518
535
458
504
542
517
484
484
500
556
478
547
498
496
512
432
515
527
532
511
510
472
472
511
492
522
480
438
505
439
455
485
486
451
466
483
487
444
460
468
474
470
488
465
514
480
474
450
480
482
457
476
413
463
503
435
497
435
489
444
439
429
474
470
446
417
410
478
438
465
455
451
483
421
413
447
451
466
453
439
451
453
462
457
443
479
438
436
427
425
408
423
411
435
432
451
416
457
443
444
441
419
447
411
433
466
425
443
458
456
443
476
412
443
421
426
416
440
451
437
417
446
452
441
432
412
410
458
466
413
435
431
443
437
433
417
363
423
458
431
470
426
388
427
438
419
412
394
383
407
454
388
429
373
396
435
406
418
394
432
427
432
447
441
412
403
410
408
407
391
403
399
417
382
440
404
417
419
380
409
434
420
403
384
407
441
47