38449
3715
1973
1388
1043
834
718
608
539
461
399
408
377
327
326
291
287
257
251
225
219
209
185
193
193
183
172
160
175
176
161
163
133
142
136
141
124
114
107
122
121
113
132
119
102
117
99
110
106
112
114
84
83
108
84
82
90
97
97
77
93
83
75
78
83
66
81
63
87
60
76
85
62
72
66
79
62
98
63
64
78
75
67
77
62
68
51
61
59
70
71
82
67
73
75
50
61
47
66
57
63
72
47
55
50
46
58
65
52
55
50
61
45
51
67
40
54
51
54
57
38
61
43
65
59
51
43
44
60
38
58
57
50
46
45
56
40
40
58
49
45
44
52
48
51
58
56
45
50
48
45
51
45
40
44
50
48
46
52
58
48
56
33
38
38
41
46
53
49
42
44
45
49
27
35
41
33
42
52
52
29
39
32
43
48
44
30
44
52
43
44
49
35
55
46
37
49
43
42
29
45
42
36
31
34
46
45
43
39
35
34
46
33
37
36
41
42
38
36
25
45
32
44
36
39
37
38
47
31
37
40
46
39
41
36
33
40
33
43
46
34
33
36
33
38
44
31
33
37
46
36
36
49
45
37
26
40
42
30
36
38
40
38
38
37
23
35
48
53
25
31
41
31
37
44
38
44
37
31
39
35
30
53
38
26
54
41
40
35
29
34
28
30
26
38
33
39
41
39
38
27
33
40
30
38
44
37
27
37
34
27
31
26
32
17
33
22
33
36
31
43
31
44
44
30
39
38
30
39
26
37
34
26
44
24
34
35
39
37
33
28
25
33
27
26
26
43
28
40
30
39
34
37
30
28
35
34
35
39
36
31
31
36
39
38
34
33
28
25
37
27
29
30
24
38
25
31
30
21
33
28
27
32
21
33
33
28
33
35
32
29
36
29
31
28
31
38
36
40
29
44
30
23
36
45
31
31
27
30
32
27
35
27
37
25
28
29
33
27
29
27
39
37
41
31
32
37
28
32
30
30
29
26
28
36
27
31
26
30
30
33
25
34
21
36
33
38
29
34
29
23
28
30
31
30
37
24
36
41
36
40
28
31
43
33
31
34
26
30
43
20
40
25
35
27
30
30
29
33
23
33
26
27
23
27
29
23
32
24
25
24
32
33
28
28
27
24
24
22
25
23
33
33
32
34
29
36
21
27
26
29
21
27
20
28
32
30
28
26
29
28
28
31
21
25
26
26
38
34
29
28
23
31
32
27
24
26
20
23
22
29
26
27
42
27
38
23
26
31
26
39
17
28
19
26
29
23
29
28
29
29
37
26
34
33
28
20
26
38
30
31
28
26
34
33
23
36
35
28
33
33
26
28
16
35
29
30
23
25
34
31
25
29
29
24
25
43
34
29
40
24
29
23
31
33
28
28
19
32
21
35
22
25
28
33
35
24
24
27
34
32
20
28
39
25
31
26
28
28
30
33
21
29
28
22
30
13
36
31
25
28
31
22
22
20
27
28
23
22
24
17
36
30
27
25
24
29
30
24
30
29
22
31
23
34
37
36
33
20
21
22
37
33
21
31
25
19
30
25
29
27
28
22
28
27
29
36
35
27
25
25
22
31
18
23
26
27
24
29
29
34
30
28
33
31
29
18
26
33
29
31
26
20
37
30
31
28
29
18
23
24
18
33
25
21
35
31
26
31
28
24
27
28
24
35
34
25
45
27
26
30
25
30
24
23
35
25
32
39
29
17
39
21
17
25
27
23
27
29
25
22
23
40
27
27
22
39
25
29
30
23
33
23
27
26
24
29
35
28
23
18
34
32
26
24
27
19
23
12
24
23
32
21
26
36
24
20
25
32
28
30
27
36
23
34
25
30
22
25
29
24
30
18
25
26
29
20
21
22
26
18
22
28
27
14
20
27
32
22
39
26
33
22
35
30
28
26
29
14
31
29
29
23
27
20
12
26
22
29
24
23
24
23
24
34
23
22
25
23
30
22
28
26
21
25
24
36
26
19
33
25
28
19
31
15
32
28
31
25
26
23
22
30
23
16
25
20
27
20
28
21
29
24
20
24
31
21
24
28
25
13
28
35
30
22
25
17
27
24
22
29
18
30
25
39
21
22
29
21
22
12
19
25
30
30
29
38
37
21
27
24
18
21
33
23
26
28
25
17
25
25
21
25
29
23
21
35
30
31
20
32
24
27
30
21
30
23
20
29
31
25
28
28
27
33
24
25
33
41
22
27
31
29
28
26
22
31
11
20
33
29
25
19
28
32
36
29
30
22
25
19
17
29
26
31
30
27
35
22
30
20
30
26
25
26
24
26
27
28
25
26
24
18
25
25
22
17
22
28
25
25
28
36
31
23
21
32
20
21
23
20
27
25
21
34
26
32
19
33
28
24
26
32
29
32
26
26
22
26
29
31
22
33
29
23
23
27
16
29
24
30
23
21
40
27
24
24
32
31
27
28
24
21
36
33
32
25
23
22
17
28
31
22
25
30
22
21
25
30
23
33
32
21
26
27
28
21
26
29
30
34
16