38007
3721
2074
1323
1092
844
757
598
539
484
450
398
369
356
311
266
275
258
236
233
209
217
191
195
173
173
161
163
190
155
161
156
158
129
147
131
130
120
118
108
113
111
117
118
123
96
95
108
98
95
103
108
105
97
82
91
89
82
106
74
81
83
66
108
77
74
83
79
77
62
66
69
77
67
60
74
82
75
68
70
66
58
65
66
51
66
64
64
74
64
51
58
60
48
57
57
69
67
54
63
54
75
60
50
53
44
60
60
61
61
50
59
55
50
48
72
45
60
64
57
58
63
40
49
47
48
53
49
47
48
43
48
39
45
64
58
56
53
47
50
29
40
46
38
49
60
39
53
54
40
45
36
33
54
61
51
58
50
44
51
45
48
44
44
46
47
64
46
48
51
38
42
40
36
46
50
38
43
46
37
44
42
49
55
40
37
41
29
31
36
38
51
37
48
44
43
49
45
34
38
44
42
45
42
39
37
49
53
48
33
39
44
34
42
35
34
31
35
29
42
36
30
25
46
41
46
58
42
31
42
40
41
37
40
47
41
34
35
43
44
46
41
39
43
33
29
28
32
37
30
27
34
36
30
32
25
26
47
42
32
38
28
41
37
35
33
47
46
44
30
35
39
42
30
47
43
38
41
45
36
36
37
40
30
32
27
33
35
38
37
22
37
33
31
34
30
34
25
39
35
30
46
36
33
35
32
26
38
38
27
34
30
30
50
43
31
33
44
44
24
38
29
35
27
40
44
40
29
32
43
37
40
28
20
35
33
23
35
24
43
49
44
32
37
35
28
37
37
33
43
28
35
38
38
23
38
26
35
33
39
42
31
38
33
32
38
33
39
37
29
30
37
22
26
36
29
28
30
33
29
25
38
20
28
34
24
31
32
25
38
40
37
35
40
29
43
29
36
26
25
36
30
34
21
26
27
36
37
32
35
30
35
30
38
27
34
40
35
34
25
34
20
28
27
30
33
44
36
42
26
26
23
35
33
15
29
29
37
24
29
29
29
27
31
34
39
30
31
26
27
26
32
42
24
26
27
40
28
22
45
35
33
23
29
31
32
24
24
36
35
29
26
27
29
27
27
30
38
27
36
37
26
28
32
35
31
18
23
33
34
35
30
34
31
45
29
44
28
35
29
22
24
30
33
29
22
27
35
32
33
26
30
24
29
26
27
28
25
29
22
25
26
32
32
21
27
41
31
25
17
25
31
29
28
24
28
26
26
41
28
24
22
28
37
27
33
24
24
23
35
31
28
32
29
36
24
25
27
30
31
32
42
27
27
26
34
25
31
25
17
29
32
29
37
41
31
32
28
39
29
26
30
27
26
24
25
21
30
34
26
26
38
40
42
31
24
35
32
28
19
19
26
29
31
28
35
31
29
20
27
20
26
26
31
29
36
29
34
30
27
25
25
41
30
34
12
34
36
24
37
24
30
29
30
27
35
26
30
28
20
27
34
36
26
24
31
28
31
28
25
29
30
32
21
34
22
28
36
30
21
29
35
22
27
25
32
26
23
32
33
34
33
29
27
27
24
34
34
29
36
32
35
36
25
29
28
24
33
20
24
25
22
28
29
32
25
32
27
25
25
24
27
21
31
25
19
35
31
26
26
28
31
30
33
27
22
27
25
25
33
40
24
31
36
24
36
28
36
16
29
29
32
26
29
34
20
33
20
21
30
31
24
31
30
26
28
19
35
22
24
28
18
34
31
26
28
31
28
24
31
29
30
33
22
28
27
28
31
25
25
26
24
18
28
28
31
27
27
28
23
27
23
21
31
27
38
44
25
29
34
27
23
24
36
24
24
22
21
27
31
35
27
28
33
32
30
22
31
34
24
27
22
37
20
21
23
28
25
26
40
24
32
22
29
27
27
25
38
28
27
27
27
25
29
18
24
25
25
16
26
16
22
25
22
32
33
17
27
33
33
32
40
39
22
22
30
32
31
18
40
24
19
40
25
23
34
24
37
21
26
28
27
22
32
27
29
33
24
29
27
31
25
32
27
26
27
22
28
21
31
29
27
21
34
34
25
28
25
21
36
27
26
21
30
24
36
24
28
38
32
34
29
29
29
32
23
27
38
31
31
21
22
23
27
26
23
21
31
22
33
20
25
24
12
24
31
28
31
21
25
23
32
22
26
25
21
27
26
24
22
15
29
19
29
23
24
26
23
24
20
20
25
34
29
32
27
17
25
29
27
27
34
31
24
25
22
22
23
27
19
29
25
29
35
33
26
23
24
34
32
29
35
19
25
26
38
22
24
24
24
19
11
23
40
26
32
22
27
20
22
26
26
25
22
24
25
23
32
22
29
25
29
29
35
20
30
30
33
23
28
22
29
19
19
21
28
29
30
25
29
28
29
20
18
26
33
27
24
18
32
30
29
23
23
24
24
23
47
33
24
25
31
37
22
26
31
33
29
27
15
21
24
27
21
28
23
15
34
15
36
27
16
29
21
19
26
29
24
30
28
21
23
33
32
22
22
24
27
30
21
21
21
41
19
26
29
31