39791
3596
1999
1327
1038
925
719
644
534
486
449
398
363
305
277
285
275
251
267
226
255
211
188
195
179
209
162
170
139
137
151
160
162
132
154
129
119
133
143
107
115
95
117
103
122
96
87
115
101
95
82
104
86
88
102
95
101
81
80
90
91
74
71
79
67
67
84
78
81
83
68
84
58
78
96
80
76
87
69
67
60
83
60
79
48
61
48
66
59
65
74
53
68
50
69
53
67
68
56
73
48
54
68
54
52
58
53
67
53
68
45
60
76
52
54
63
61
54
57
54
61
63
41
49
53
46
57
55
58
49
45
48
52
44
44
48
57
44
48
51
55
52
42
37
48
47
70
57
33
48
42
43
46
52
44
46
45
48
37
43
58
43
43
32
31
35
34
34
49
34
44
46
52
43
35
42
42
42
39
46
36
42
50
54
45
49
44
47
40
35
47
50
44
37
39
34
37
44
38
38
29
32
46
42
49
34
55
42
23
40
40
45
37
43
32
44
29
44
32
55
35
53
41
32
38
38
44
36
35
34
45
33
35
36
37
36
35
33
38
32
35
47
35
39
43
19
40
39
30
39
36
36
38
44
46
37
31
27
31
35
35
36
37
49
33
23
32
31
49
30
42
37
44
35
31
44
36
33
32
38
35
39
38
27
26
40
43
41
35
39
24
32
38
34
25
42
45
31
31
51
35
39
35
35
41
28
29
39
39
36
37
34
37
31
40
27
49
28
31
37
33
40
46
32
41
30
37
44
48
34
39
33
37
37
28
38
33
32
30
28
30
41
38
32
31
33
40
24
33
36
36
36
35
39
26
36
47
32
22
31
40
34
38
24
43
27
37
37
32
24
36
28
24
39
41
36
33
36
32
32
28
34
39
38
31
35
30
28
23
42
45
34
33
19
36
18
34
22
30
41
41
30
36
36
35
39
30
36
38
36
28
28
29
26
24
31
28
32
46
29
35
28
31
23
29
31
28
32
30
26
35
19
27
32
29
46
30
30
30
35
25
46
26
31
31
25
23
18
23
28
33
37
29
36
28
28
24
34
30
36
25
33
24
23
26
26
18
29
35
34
24
29
39
32
24
39
26
33
29
29
28
36
34
31
46
31
23
28
34
31
30
33
33
25
26
26
36
26
24
24
33
28
33
20
21
28
29
34
33
35
34
22
23
22
26
25
24
30
25
26
26
37
33
26
30
18
25
26
25
44
25
33
37
25
32
27
23
25
26
27
25
28
33
25
30
23
29
41
30
34
31
22
33
32
35
19
21
31
29
37
29
24
24
22
25
39
34
33
23
24
33
28
36
30
26
39
24
19
28
22
27
23
23
31
32
31
26
27
31
33
27
25
39
25
33
21
20
24
36
26
38
37
23
31
31
18
26
21
24
27
24
27
28
33
30
19
34
31
29
36
33
33
29
25
32
27
24
31
24
30
29
28
27
25
39
21
26
36
36
25
33
34
24
27
30
24
36
32
25
36
25
26
25
31
23
28
33
39
32
33
28
27
32
31
21
29
26
36
25
31
25
24
26
34
25
35
25
26
42
23
32
24
21
28
24
25
24
28
27
19
36
32
29
26
30
24
29
26
27
31
24
25
24
31
28
24
26
40
26
29
24
33
36
25
31
30
35
27
37
20
21
23
28
33
30
13
24
33
25
28
23
37
37
22
32
22
32
36
22
32
24
28
27
22
21
33
31
24
19
38
31
27
29
25
26
32
29
18
21
29
20
31
23
19
40
41
18
34
25
27
27
24
33
24
21
42
30
17
26
32
27
25
30
33
33
28
26
22
26
32
31
21
22
24
26
20
24
33
29
32
23
26
30
29
24
26
28
27
29
33
39
27
27
25
23
24
20
37
26
20
28
30
15
29
28
27
31
28
24
26
39
17
28
27
27
26
21
33
19
28
31
25
24
25
26
19
26
20
30
27
35
36
21
22
21
29
31
22
21
33
27
27
23
24
32
32
27
26
29
20
17
28
21
31
22
35
30
28
31
27
22
31
27
36
34
27
21
26
27
28
27
24
32
30
29
32
24
28
24
24
28
32
30
19
25
29
24
31
24
23
27
31
25
30
24
33
39
33
27
19
24
24
18
29
25
33
26
26
28
28
26
30
32
28
26
34
27
30
32
33
24
27
22
34
29
23
34
31
27
30
17
26
28
20
29
24
24
19
38
33
23
14
28
25
26
20
23
33
24
27
30
29
31
28
25
28
24
23
32
28
25
41
27
12
34
23
23
28
27
38
24
25
29
26
20
22
24
22
29
22
29
29
24
19
24
22
27
24
19
28
30
35
27
25
24
25
17
26
27
24
30
24
12
24
24
29
24
25
32
21
31
33
32
27
30
27
23
32
16
25
23
26
25
34
23
23
26
24
23
25
29
23
18
33
12
27
22
25
24
32
21
29
20
23
28
25
18
28
19
20
22
27
31
18
29
22
23
26
26
29
32
13
28
36
25
27
17
26
29
21
17
31
23
24
20
24
33
21
27
19