84136
6902
3930
2684
2030
1608
1380
1219
1076
913
834
780
721
693
646
586
561
540
480
501
444
471
409
412
367
388
384
385
345
341
373
322
316
289
329
304
296
292
277
278
263
250
261
237
275
244
253
246
249
248
244
237
229
237
213
211
223
212
222
213
202
216
210
234
216
220
195
215
206
201
185
196
188
192
175
184
171
195
191
152
186
199
191
186
168
156
178
187
153
175
168
171
175
167
188
183
129
164
146
155
181
147
153
152
162
126
163
165
146
167
154
150
145
150
150
180
154
140
167
178
145
154
148
157
131
141
157
163
145
158
126
165
136
136
138
137
161
147
155
133
141
150
154
167
149
125
129
164
125
126
143
127
149
123
124
140
151
142
122
121
126
138
146
115
140
134
125
125
117
123
122
121
129
141
119
115
142
129
131
141
120
133
122
134
116
135
126
135
138
117
143
132
131
133
117
145
135
136
125
135
117
139
106
141
137
117
113
119
123
123
133
131
130
122
129
134
119
132
128
122
115
125
120
133
123
128
127
114
128
114
144
129
116
121
130
132
118
107
108
117
115
109
137
122
114
128
101
99
104
117
91
108
118
137
132
105
106
114
122
120
110
139
115
123
109
137
121
126
152
123
99
114
101
96
123
117
108
147
112
102
106
104
107
113
108
129
123
106
109
121
109
105
143
104
112
108
108
125
117
114
119
119
101
132
107
119
120
112
103
115
109
124
109
121
114
105
111
113
99
102
106
96
113
125
113
111
100
121
111
95
117
94
117
115
99
106
114
99
123
113
94
114
102
119
112
121
89
130
104
97
93
111
107
111
106
111
100
106
97
99
115
101
97
86
103
111
106
120
114
111
83
125
99
115
105
111
117
95
118
107
108
108
91
107
101
111
107
104
100
109
90
98
117
106
112
113
89
97
99
107
94
99
93
109
109
120
120
99
100
107
102
113
110
95
97
122
117
131
93
108
110
119
106
102
98
117
108
111
112
109
90
94
105
99
95
101
118
108
91
99
133
93
102
120
112
95
101
86
107
104
116
97
114
110
110
111
83
95
87
98
108
116
112
101
97
105
120
98
78
103
106
120
111
71
94
102
92
110
86
93
101
99
103
112
98
98
91
101
119
102
102
93
103
99
89
129
88
103
105
106
103
91
94
111
104
97
102
108
112
120
118
111
123
99
106
111
95
94
95
88
123
82
101
122
107
101
125
98
91
102
114
99
105
112
97
86
99
89
105
99
94
103
98
126
99
88
118
99
95
90
109
81
27