87127
6815
3883
2594
2066
1635
1436
1183
1112
925
897
754
696
659
644
567
558
564
529
511
428
483
422
416
425
353
358
377
332
365
318
313
317
317
289
310
292
318
296
296
278
262
259
257
225
268
238
224
198
255
209
228
226
241
221
193
215
218
216
232
190
200
230
168
189
204
188
212
223
173
198
201
187
211
167
204
188
163
177
186
159
172
161
171
191
190
186
176
175
189
186
180
167
185
142
157
140
179
188
155
149
182
150
152
160
164
170
167
142
154
145
154
169
147
150
153
177
155
164
149
168
134
158
154
128
140
133
142
137
152
134
130
140
138
131
142
130
135
136
154
145
151
119
150
150
131
144
148
142
135
125
121
139
141
136
128
137
151
127
141
131
124
112
137
162
133
125
134
119
119
140
131
134
144
136
121
128
124
140
124
111
135
127
144
136
147
140
120
130
118
104
132
123
123
130
136
131
125
131
126
128
133
122
110
124
120
134
144
126
130
128
99
110
123
138
109
123
123
135
116
143
110
132
122
142
132
119
109
108
137
130
123
139
110
122
113
129
100
117
123
119
115
119
100
121
119
125
130
114
103
138
110
124
120
126
100
150
109
126
95
109
119
145
117
95
122
147
109
119
116
96
112
112
116
99
122
114
126
102
109
137
101
119
124
115
113
112
103
102
112
96
119
110
121
104
112
124
115
139
101
110
122
117
109
120
120
109
106
100
114
131
152
113
112
99
105
111
94
127
106
109
95
130
121
99
105
111
116
106
114
109
81
125
104
102
104
111
129
106
108
98
125
104
110
92
104
110
102
113
117
127
110
119
108
117
116
98
123
128
99
116
95
111
104
97
90
101
116
123
107
122
108
124
117
101
95
93
115
120
104
102
94
109
83
99
116
111
113
118
105
110
99
119
113
126
108
113
129
97
97
90
111
101
114
100
98
106
117
105
99
100
101
112
126
112
130
101
98
109
115
101
107
109
88
102
86
84
100
105
110
97
109
104
118
109
91
111
114
110
106
106
85
119
103
80
96
87
97
114
104
110
100
95
116
114
115
104
117
94
117
118
71
97
104
94
107
98
96
101
109
88
113
95
114
88
106
95
95
83
103
94
88
107
99
98
111
112
102
104
103
107
105
93
107
111
94
112
93
103
108
110
88
106
107
94
108
102
112
104
92
100
97
99
117
113
111
105
121
110
95
91
102
96
90
108
93
98
92
89
102
95
97
102
89
92
93
115
102
106
89
128
95
111
93
103
106
95
96
81
107
93
86
136
97
88
12