187273
12836
7493
5250
4062
3364
2847
2472
2158
2008
1821
1721
1480
1531
1358
1325
1272
1151
1149
1118
1097
1069
1031
990
982
952
887
934
878
878
882
785
757
781
780
780
744
738
740
724
722
696
693
692
708
691
619
650
674
714
633
624
641
618
622
660
607
575
635
649
586
573
587
599
667
568
574
626
570
583
524
547
538
580
536
551
555
572
592
543
532
511
489
516
549
518
545
541
521
537
559
504
563
525
505
526
491
487
504
475
495
476
510
465
513
535
464
472
488
551
510
452
492
478
486
473
494
476
484
460
473
469
444
457
441
470
487
465
504
477
469
462
431
481
446
479
471
451
473
479
467
441
496
456
459
480
479
512
434
452
474
434
453
453
456
471
466
455
452
419
432
452
445
421
477
443
475
477
440
465
453
490
450
443
438
454
452
452
435
463
436
447
421
428
403
458
486
425
424
436
454
421
417
435
402
451
484
435
463
416
414
453
417
421
416
436
378
420
429
440
486
408
410
396
421
394
435
423
428
410
428
405
391
419
403
407
470
414
396
427
398
412
425
385
394
408
391
393
410
407
403
448
411
447
390
380
399
419
395
453
406
411
396
427
395
411
394
399
440
390
407
422
393
400
384
409
422
439
402
429
444
401
405
368
422
418
36