388349
25340
15034
10596
8406
6854
6095
5403
4932
4633
4186
4025
3871
3661
3422
3289
3294
3091
3106
2964
2826
2821
2788
2633
2563
2567
2562
2502
2391
2414
2350
2307
2329
2308
2184
2292
2269
2232
2213
2140
2153
2081
2091
2188
2162
2115
2034
2011
2016
2035
2052
1939
1940
1979
1871
1919
1878
1949
1997
1969
1882
1865
1869
1887
1855
1832
1822
1853
1857
1838
1944
1779
1793
1807
1806
1764
1833
1793
1791
1729
1758
1799
1799
1720
1714
1785
1771
1788
1741
1767
1723
1767
1741
1655
1720
1750
1740
1718
1697
1711
1753
1663
1728
1691
1704
1649
1697
1672
1720
1717
1670
1671
1697
1645
1682
1722
1681
1709
1673
1669
1687
1683
1558
1647
1620
1578
1615
1610
1656
1543
1592
1672
1657
1664
1595
1653
1596
1578
1604
1548
131