83796
6933
3898
2625
2068
1641
1364
1179
1010
919
864
791
738
732
591
592
612
509
531
499
430
459
462
407
392
400
389
397
368
367
351
333
315
297
295
319
309
279
259
236
290
265
249
289
266
266
279
242
218
233
238
253
221
226
233
193
210
214
202
205
200
214
177
232
213
162
183
208
236
210
182
189
228
182
181
172
175
164
195
171
191
175
193
159
178
165
178
147
198
186
171
172
157
154
157
177
137
180
142
159
158
179
162
161
152
166
177
130
153
161
146
160
132
147
142
145
163
162
143
154
140
144
145
151
148
169
142
132
139
163
136
141
128
140
137
162
150
125
151
131
140
152
117
147
130
129
154
137
146
151
145
159
139
127
158
88
133
112
130
139
141
117
132
143
136
105
142
136
128
118
135
112
132
136
130
107
130
142
126
126
126
135
140
130
102
132
137
139
139
121
114
131
135
121
141
135
109
144
120
124
114
121
126
127
139
107
117
129
130
152
130
108
126
114
120
130
126
140
110
127
126
119
121
138
126
116
133
116
124
116
121
107
107
128
131
106
133
117
122
126
118
124
126
129
126
120
126
126
107
101
132
124
110
122
108
109
126
104
117
112
112
122
105
122
132
115
122
122
136
121
113
127
121
107
127
119
100
140
110
124
107
123
120
132
114
122
102
115
108
102
103
122
138
113
100
119
108
117
111
100
114
121
125
91
98
113
113
127
103
99
104
108
130
99
108
132
99
102
115
109
106
112
117
109
90
118
93
127
106
128
132
116
126
111
116
111
93
95
123
123
98
100
131
112
112
120
96
105
111
100
124
111
104
120
100
123
105
120
106
85
99
105
103
121
105
93
114
109
105
111
98
117
116
119
110
121
140
101
103
113
100
106
95
112
105
90
129
106
103
134
111
112
104
115
136
122
122
100
101
116
98
101
92
119
108
102
98
122
104
97
125
105
106
92
112
116
99
119
84
100
118
118
117
98
103
102
107
104
106
94
100
109
105
97
112
114
110
124
92
110
117
93
114
114
94
99
108
93
105
111
95
109
111
96
97
110
107
91
103
91
88
101
98
124
108
104
92
110
108
98
117
103
88
106
104
106
116
104
111
116
91
105
123
125
107
111
72
121
103
99
114
112
112
106
111
106
103
97
77
115
96
115
112
109
113
91
108
88
97
96
100
96
104
82
95
98
96
111
103
89
99
95
105
105
109
99
102
111
115
108
91
114
87
106
100
107
93
91
128
97
108
109
102
106
107
95
95
93
88
116
96
115
93
105
101
97
81
103
86