400806
25097
14581
10509
8361
6994
6091
5404
4891
4612
4148
3987
3728
3733
3477
3348
3266
3105
2943
2924
2911
2761
2728
2557
2610
2548
2504
2515
2445
2472
2448
2442
2377
2319
2340
2288
2278
2248
2268
2205
2080
2183
2130
2067
2073
2084
2022
1969
2103
1996
2070
1970
2070
1946
1993
1986
1990
1892
1962
1956
1946
2015
1867
1901
1937
1866
1880
1940
1829
1820
1841
1772
1765
1896
1827
1914
1875
1784
1756
1882
1780
1777
1751
1791
1771
1715
1770
1778
1761
1710
1771
1681
1750
1712
1728
1759
1751
1709
1734
1678
1751
1696
1779
1716
1786
1647
1720
1661
1752
1693
1660
1717
1670
1670
1681
1752
1687
1728
1658
1651
1602
1609
1615
1738
1581
1706
1632
1572
1609
1590
1573
1658
1628
1674
1626
1631
1588
1560