180850
12969
7383
5173
4059
3291
2760
2399
2254
2058
1896
1712
1569
1481
1362
1327
1252
1235
1173
1066
1079
1055
980
986
976
908
942
952
848
864
871
858
757
795
746
786
793
749
751
746
714
698
708
698
733
684
724
679
653
680
650
637
641
604
610
587
648
575
618
638
606
595
553
608
569
564
558
605
559
541
558
605
535
568
515
559
541
542
542
513
526
510
525
568
577
515
506
515
532
500
526
522
495
516
520
485
532
510
564
527
514
472
536
525
529
493
512
513
493
489
488
475
470
436
483
484
503
491
484
484
507
504
491
481
509
454
492
508
519
442
460
463
482
462
438
485
475
488
464
449
488
459
436
472
412
462
451
481
482
481
453
509
470
409
450
415
425
468
465
476
431
459
482
439
407
442
463
461
418
428
436
450
448
431
464
395
419
449
435
447
461
459
423
436
494
455
415
412
442
483
400
454
420
442
475
425
470
476
423
404
426
445
402
466
427
443
447
438
468
399
428
435
426
428
455
449
415
419
418
431
432
450
412
455
450
442
429
392
425
423
409
415
412
433
430
424
444
432
427
431
433
398
395
443
398
392
421
399
413
414
398
462
392
425
455
405
427
397
417
419
452
381
400
408
411
472
452
395
395
404
411
428
422
431
405
405
384
220