390518
25128
14467
10424
8289
6913
6216
5302
4953
4592
4241
3963
3788
3551
3425
3318
3203
3036
3020
2922
2786
2727
2740
2642
2669
2579
2517
2495
2482
2440
2413
2400
2413
2296
2280
2269
2275
2242
2184
2126
2183
2148
2098
2070
2038
2067
2014
2064
2021
2038
2005
2039
1890
2001
1977
2016
1980
2031
2000
1858
1988
1827
1874
1819
1895
1786
1854
1837
1883
1875
1876
1873
1817
1934
1826
1817
1808
1854
1799
1778
1825
1820
1800
1802
1827
1781
1734
1767
1806
1714
1713
1724
1805
1711
1811
1675
1769
1821
1655
1741
1801
1723
1726
1727
1737
1625
1716
1691
1632
1691
1599
1679
1759
1634
1692
1673
1622
1618
1682
1676
1583
1658
1633
1593
1670
1655
1722
1597
1636
1661
1631
1611
1667
1686
1660
1618
1747
446