98905
6180
3533
2405
1730
1467
1284
1109
950
838
779
711
564
573
551
540
467
485
445
459
400
367
393
358
372
348
366
317
313
288
295
282
271
302
258
275
280
236
236
240
235
231
222
204
222
216
188
206
197
221
207
197
190
182
195
199
191
170
184
174
176
177
174
181
173
175
180
166
174
182
155
156
158
155
179
179
173
165
163
145
140
164
175
144
142
145
158
137
150
144
146
144
146
123
147
147
132
135
140
122
122
138
133
134
154
119
121
141
116
108
110
134
123
118
131
123
132
144
112
134
112
115
140
122
122
114
143
113
122
111
125
103
131
121
115
121
111
122
127
125
111
123
124
106
107
111
130
101
114
142
105
124
112
133
101
112
128
112
128
113
110
101
116
130
121
103
100
105
92
112
117
90
111
110
109
122
100
95
111
114
99
103
110
98
105
111
99
106
102
89
129
106
94
103
123
92
108
98
90
94
103
109
77
122
88
98
92
117
110
112
97
101
104
105
98
98
110
106
108
115
89
97
104
100
98
97
102
104
107
113
100
80
114
106
89
85
96
90
97
113
97
114
90
93
106
78
97
102
96
95
100
101
110
97
105
97
76
108
119
108
97
103
96
98
94
76
98
117
90
105
88
89
89
94
83
102
90
89
84
83
99
103
98
77
89
94
111
76
90
105
103
95
88
105
100
99
111
101
91
100
104
99
97
101
85
99
88
86
121
97
101
87
83
83
83
103
89
90
106
101
83
91
94
108
88
94
73
87
102
90
97
100
91
99
80
97
98
79
97
94
102
85
90
95
90
92
83
74
88
84
92
95
114
86
90
88
91
86
88
92
101
82
89
75
99
91
84
94
90
71
90
73
94
82
90
92
93
79
88
95
107
86
104
87
85
84
93
91
93
88
82
90
99
81
98
77
85
93
88
80
85
75
97
77
85
98
71
94
76
83
92
73
82
85
88
77
78
71
76
89
79
106
101
103
96
87
85
93
80
76
96
102
73
80
96
73
65
100
97
87
75
81
93
93
74
93
94
89
79
74
77
83
92
90
84
84
82
83
69
93
104
84
65
84
90
96
86
85
95
93
83
90
93
74
90
94
92
93
84
95
93
91
86
76
103
91
77
67
78
78
94
93
84
85
88
92
83
91
79
77
80
91
74
83
82
81
84
87
92
88
89
86
79
90
68
78
92
67
76
73
94
86
96
80
77
67
90
87
83
77
72
96
68
88
99
98
77
81
77
95
86
81
84
75
90
77
91
71
96
98
86
75
64
92
76
76
64
72
92
103
57
89
88
71
72
84
81
74
87
83
74
101
76
88
101
86
78
78
85
100
73
72
87
67
86
83
75
79
79
72
77
78
83
82
78
89
81
78
88
76
72
85
89
76
68
84
87
70
90
74
70
96
86
83
74
91
79
84
83
70
74
77
82
36