1053
1064
1007
986
985
1073
1082
1037
1032
1008
1039
989
1046
1058
989
1012
1035
996
954
1035
1016
975
1025
1014
984
971
969
991
1050
987
1015
996
1050
1051
962
976
969
1014
965
990
992
1014
989
1040
1011
1033
1011
985
1031
1040
1025
997
1067
994
946
1053
971
1040
952
959
1015
1031
1019
962
1061
1002
1022
986
992
1026
984
969
1001
1025
1066
975
956
1005
1003
986
983
967
1069
1085
1083
1013
967
983
1006
1017
1052
972
982
1003
1044
1030
1031
1006
1025
1030
1049
1049
1082
1045
962
1043
1027
978
990
931
999
1021
1014
1045
950
1022
995
1012
1043
1013
988
964
1000
968
983
1047
1024
1052
967
994
947
1058
1053
997
1002
1013
959
1000
986
999
1028
997
992
982
1003
1000
1067
971
1012
990
993
1054
1033
1008
1060
1024
985
1032
993
991
1062
983
999
1015
1013
987
1014
988
984
982
1002
956
986
975
1074
1092
971
966
979
993
999
994
1013
1015
1011
994
1033
1008