97622
6259
3444
2469
1785
1465
1224
1040
941
851
708
703
655
603
592
499
508
476
450
414
388
388
366
392
331
361
320
332
308
308
266
263
273
265
283
272
267
241
244
233
244
254
212
193
219
211
188
187
205
174
217
186
224
166
206
169
201
181
161
186
171
183
176
165
181
156
166
160
167
166
175
156
145
181
162
151
156
173
136
149
154
152
132
162
162
146
149
123
133
129
139
137
136
119
163
155
137
137
134
146
136
145
153
126
150
132
128
113
142
133
115
132
119
141
128
144
131
141
130
132
120
131
126
139
119
136
122
116
131
121
138
136
129
118
137
109
123
114
117
118
114
101
123
116
121
111
123
117
121
116
135
102
110
106
124
126
94
125
119
117
123
110
105
110
103
109
111
121
106
135
100
104
107
107
111
105
101
93
104
113
99
122
108
95
105
111
111
94
103
114
113
105
84
108
85
105
92
104
96
91
99
107
90
100
98
109
103
89
94
103
98
103
107
91
112
102
107
89
98
89
101
109
101
127
96
106
104
98
115
84
104
99
115
117
89
92
98
101
95
112
107
92
90
104
95
103
99
98
80
88
93
99
94
104
104
90
90
111
108
88
85
96
96
86
102
87
87
91
92
79
89
96
89
76
88
95
92
90
95
102
79
105
99
80
110
94
79
89
100
93
93
93
97
90
88
91
81
95
87
105
90
90
94
113
91
90
83
86
104
92
86
90
93
96
82
80
101
86
92
98
86
80
84
85
99
81
101
91
102
85
103
101
86
80
109
96
89
87
94
105
90
83
106
70
96
93
82
110
83
86
85
93
92
82
108
96
96
82
94
95
91
103
82
73
83
107
94
102
82
96
93
102
83
104
102
93
81
89
88
91
82
95
105
84
91
79
90
77
75
92
94
80
95
95
78
111
101
90
82
77
79
70
85
89
90
83
74
91
87
87
82
98
78
93
85
89
88
95
95
86
83
98
85
83
95
88
74
95
95
89
102
71
90
77
75
84
89
87
85
96
88
78
110
97
90
101
76
89
78
84
91
92
79
91
87
70
71
74
90
89
82
89
84
81
90
84
60
93
95
98
91
77
79
81
107
84
79
76
90
80
92
100
79
90
74
85
97
84
89
76
95
72
74
83
97
77
64
87
88
88
96
72
62
89
84
71
81
98
84
101
77
82
76
71
84
102
81
90
82
65
71
91
92
80
83
81
84
76
87
70
82
91
81
88
62
84
68
67
78
87
84
82
65
88
73
90
70
81
95
98
87
101
79
77
97
101
77
96
88
68
77
79
85
83
85
79
72
83
70
80
79
86
71
77
98
91
80
87
98
74
65
98
87
87
73
86
82
81
85
83
95
84
80
78
79
101
76
81
67
72
97
83
92
86
88
73
87
79
78
59
81
81
70
88
81
84
88
71
89
90
89
77
41