988
1024
909
966
951
978
936
975
1026
950
980
940
963
922
942
965
947
970
995
960
944
895
954
977
939
962
981
1001
997
966
984
946
983
938
897
939
970
1022
1012
964
985
949
956
990
1020
1045
975
1015
946
915
1013
973
981
992
954
903
1003
986
943
963
952
927
992
1005
954
966
975
978
981
952
927
951
948
1002
1041
1052
1000
970
1016
935
926
960
920
943
989
945
956
1053
932
974
979
983
940
990
945
997
926
884
1003
972
960
977
919
984
972
945
964
1007
925
971
1012
945
984
1004
1015
912
1001
994
938
937
927
970
1014
955
939
1018
910
993
927
970
1035
1016
982
911
974
937
999
991
962
973
982
984
1010
984
959
1004
994
992
928
1008
917
931
922
939
986
930
962
1000
1011
988
964
963
988
997
990
935
970
974
916
951
934
953
961
923
978
920
945
940
946
973
1020
929
1026
992
933
991
959
931
982
987
970
938
978
918
924