964
1014
954
1037
959
908
990
1023
985
963
1010
1012
1050
1012
1003
1002
977
1008
935
1030
1031
928
1023
988
947
962
990
1029
993
1060
959
1017
1048
1018
1016
1024
986
1035
1036
1038
971
1028
1005
945
968
986
969
972
955
942
988
1006
977
983
998
1001
1002
1024
979
983
1036
1005
987
990
1010
1029
1002
1025
1022
969
982
1025
986
987
1090
1015
956
962
1006
1045
973
970
959
988
1032
1055
1071
949
969
1040
998
1001
987
987
948
965
981
965
969
993
949
980
992
1005
936
998
972
987
1014
1015
942
979
1068
1028
966
951
963
1001
1012
1005
1005
1048
951
965
975
1030
1064
1000
1008
985
1013
995
953
1016
954
1010
949
945
994
956
1012
985
1005
993
1002
991
1001
1017
982
981
1037
974
922
966
1049
955
929
1008
1030
1010
1008
976
1024
966
1055
960
944
994
963
1032
997
1030
1032
1006
1022
982
1020
1001
1008
1000
978
1117
968
927
982
1088
984
993
987