97611
6225
3411
2439
1868
1475
1242
1087
967
859
769
716
624
574
597
523
478
466
471
385
383
423
358
364
348
315
345
300
331
298
309
297
258
274
260
246
256
251
233
231
242
203
224
237
234
199
242
219
206
193
201
171
192
194
193
187
194
173
151
170
161
165
180
179
150
163
155
157
137
165
174
160
168
148
163
148
149
135
149
161
170
153
142
139
147
154
146
131
151
138
134
144
155
127
122
137
138
160
154
124
127
117
129
152
157
127
129
121
123
144
120
118
134
138
136
104
134
109
132
135
108
95
109
136
127
117
132
120
136
112
128
127
116
123
100
100
116
117
118
129
115
130
113
119
130
108
131
120
116
120
114
130
122
115
121
102
125
96
120
105
135
102
119
99
86
120
104
100
102
97
124
114
112
103
107
94
109
92
125
119
102
95
104
110
97
121
107
116
122
110
87
106
104
112
85
105
111
97
120
83
110
90
103
127
133
91
89
85
100
109
93
89
95
106
107
83
98
93
103
79
98
114
110
87
88
108
93
101
95
117
98
84
94
100
106
109
116
92
103
100
82
97
80
105
91
106
110
95
99
96
87
81
95
98
81
98
107
77
85
103
83
98
99
67
85
79
97
114
79
110
97
90
84
100
97
97
88
103
78
78
91
97
94
96
87
102
82
100
84
105
90
92
102
98
76
99
99
85
84
101
77
87
92
81
89
100
98
90
100
85
96
104
104
80
71
84
92
83
86
90
87
99
108
86
81
85
105
95
83
115
82
86
85
86
93
88
78
85
95
66
89
88
89
74
104
71
96
105
105
92
92
94
95
88
82
96
70
100
82
80
97
86
95
96
74
101
79
94
89
88
96
92
66
96
61
85
98
95
89
83
87
104
87
78
95
85
99
95
94
79
100
87
72
98
78
90
73
75
79
96
72
75
68
96
78
75
84
90
96
89
89
69
92
83
97
80
87
80
86
87
89
84
68
110
86
89
62
78
92
81
87
86
102
86
80
93
84
97
87
89
64
72
93
91
80
89
91
76
66
75
72
92
99
81
87
79
76
84
92
83
92
89
92
72
102
70
80
88
73
75
84
74
93
84
80
67
72
85
85
101
78
88
89
87
81
85
74
73
81
82
64
94
72
79
78
87
76
82
77
77
90
72
91
78
81
77
77
79
73
86
78
91
78
81
74
89
78
81
96
81
85
70
80
82
72
69
93
86
60
65
75
83
87
82
78
76
95
93
97
86
87
85
56
61
88
108
80
91
90
64
77
73
75
88
83
84
93
59
81
82
96
88
76
60
79
94
81
70
93
84
79
71
78
97
89
83
83
92
73
79
78
83
70
93
83
66
70
84
91
74
83
87
88
70
70
70
78
97
65
95
78
79
75
74
81
84
84
80
78
79
74
62
64
78
59
84
73
77
69
91
77
85
76
83
74
82
78
77
85
88
78
91
69
75
91
84
78
72
80
72
81
75
12