97646
6189
3505
2411
1840
1417
1255
1048
1002
843
777
749
653
543
615
516
490
509
461
426
372
398
373
343
346
339
364
334
306
291
271
267
262
275
258
252
275
260
282
249
223
222
226
210
238
226
222
195
191
182
213
221
196
205
184
185
176
200
190
191
195
190
174
173
206
160
189
169
174
175
160
163
148
165
146
154
143
129
152
175
179
125
144
136
133
150
149
125
133
141
148
146
154
151
135
122
155
133
133
147
126
134
142
130
135
113
135
123
111
126
134
111
137
124
132
121
113
109
109
132
111
112
119
118
149
151
134
96
119
109
114
121
108
104
118
121
118
108
125
100
104
108
126
114
115
106
107
128
107
115
114
121
118
114
106
94
113
116
104
115
116
122
91
90
114
103
100
93
106
123
98
108
120
127
98
115
109
106
86
101
104
94
101
103
103
119
99
106
112
86
97
101
97
109
96
93
111
102
105
102
95
99
92
106
103
86
111
89
106
104
102
87
88
104
102
113
98
93
103
104
82
105
91
93
81
103
101
98
96
98
103
87
92
92
85
98
94
87
99
74
92
99
102
98
93
102
98
102
107
104
81
117
87
93
101
85
111
108
116
86
98
91
109
99
86
96
91
81
104
92
83
118
93
96
97
92
87
90
79
84
100
82
99
89
88
96
105
96
84
85
94
76
78
92
95
85
101
89
101
91
77
95
81
99
86
104
83
81
82
97
97
60
97
86
73
100
91
90
94
90
92
85
96
85
95
90
93
85
89
88
93
91
100
81
85
90
97
80
88
86
85
85
65
96
101
86
78
87
75
78
112
81
76
85
74
97
84
80
82
82
92
75
82
100
92
86
76
72
81
86
82
89
90
97
90
87
104
79
95
88
89
81
107
89
94
92
86
102
84
88
82
85
86
80
83
84
91
78
93
77
93
88
95
82
105
108
79
84
88
85
96
93
83
82
88
79
75
80
85
85
100
67
65
77
81
66
94
88
76
92
84
78
80
83
85
84
77
74
78
81
65
75
75
89
85
88
71
84
76
86
97
89
76
68
87
85
73
88
99
89
81
86
71
94
92
75
76
70
89
84
69
93
90
81
74
85
94
90
88
73
75
73
74
103
91
78
74
82
87
68
83
84
69
67
90
81
89
68
84
106
99
73
93
80
86
70
82
78
86
79
82
101
96
90
75
66
89
79
70
80
91
88
96
61
76
77
72
73
92
72
84
96
77
103
65
84
83
68
64
67
85
78
102
73
89
83
91
85
72
82
83
74
74
87
79
97
86
69
71
74
84
78
79
83
81
81
85
84
85
63
76
97
87
76
91
74
91
84
81
74
80
83
79
86
83
62
61
68
69
71
72
73
70
75
73
73
84
67
80
61
84
73
73
67
90
77
80
67
87
71
76
77
84
79
81
85
89
69
72
66
83
73
70
74
63
80
76
78
77
79
91
93
83
77
66
71
73
68
74
91
95
90
88
87
85