207566
11816
6696
4720
3761
2926
2473
2282
1932
1683
1624
1493
1318
1286
1176
1080
1083
1060
1011
949
913
880
878
831
838
817
770
735
752
727
718
721
659
689
644
657
669
664
603
620
619
588
518
605
601
562
571
583
557
546
539
586
535
520
521
540
456
516
479
470
514
458
464
511
464
453
480
427
464
437
432
449
444
448
455
436
433
459
442
449
457
436
436
398
437
396
414
421
422
417
393
404
387
407
416
420
433
360
398
397
434
425
398
419
412
403
383
408
403
364
386
422
401
407
379
396
389
374
362
373
346
400
373
382
358
432
365
369
394
339
392
358
343
339
414
353
388
372
379
350
359
382
344
376
359
382
338
374
374
389
363
351
384
371
340
377
352
376
346
340
406
341
363
380
399
378
339
350
336
349
346
335
348
358
333
381
359
337
366
349
325
376
361
355
368
331
340
345
316
353
347
315
351
329
326
315
352
351
348
346
339
338
350
326
372
334
343
352
354
341
347
313
309
348
328
346
345
339
326
312
303
316
348
334
292
346
327
351
331
340
359
307
322
321
311
317
330
311
323
301
315
345
322
357
315
321
333
313
344
318
305
330
336
349
333
319
311
340
332
318
337
299
339
347
310
312
335
315
345
312
294
323
324
295
305
324
339
335
291
293
326
299
309
304
312
331
352
321
316
297
291
312
310
280
313
325
320
300
321
305
340
290
311
328
320
327
324
295
355
328
313
289
327
317
322
319
321
313
304
311
310
333
123