45303
3353
1827
1253
907
751
640
579
441
439
412
367
314
306
264
281
222
226
221
235
199
193
185
159
151
139
146
164
147
141
139
144
131
124
109
118
124
121
101
113
79
92
114
80
96
95
92
89
101
95
93
87
77
75
87
73
61
72
98
90
79
74
78
61
65
68
50
78
58
70
85
79
71
56
69
75
65
42
47
58
65
63
55
60
56
53
63
53
49
48
63
48
60
63
62
47
57
54
40
38
57
61
49
46
43
52
51
61
42
49
59
39
50
43
46
46
41
48
40
33
39
41
40
52
35
46
37
61
53
44
51
48
43
41
50
40
39
41
48
49
38
43
44
45
46
47
44
39
44
42
51
38
40
34
34
38
46
52
40
32
39
44
41
31
34
32
42
37
29
44
34
18
43
38
38
39
41
34
32
28
49
36
36
36
37
26
41
45
37
44
31
45
43
41
21
48
33
30
26
43
34
36
36
32
28
30
34
33
26
35
25
29
39
37
32
33
31
28
35
32
37
34
27
36
32
23
20
24
35
38
45
40
36
32
27
29
27
39
29
36
30
41
39
27
31
31
32
36
32
37
31
37
27
31
23
29
44
26
27
36
36
30
20
25
34
30
32
34
31
29
28
32
42
41
35
29
29
25
31
31
31
29
30
29
31
33
30
31
29
26
25
33
25
23
23
31
19
30
32
32
29
39
30
25
32
32
26
28
26
22
32
28
29
37
30
23
24
19
18
24
30
25
28
31
25
37
27
16
32
27
28
20
27
36
32
16
19
32
32
29
25
26
30
23
26
23
26
20
23
26
29
37
33
27
23
25
21
26
32
31
24
34
27
20
17
31
22
30
40
31
29
28
25
35
26
28
24
24
30
27
19
20
28
23
31
22
35
40
27
21
33
32
23
37
25
26
31
19
22
24
24
23
27
41
27
29
29
24
32
26
22
17
32
13
29
31
34
29
22
18
21
35
27
26
37
23
22
24
25
28
25
41
32
22
31
23
33
26
14
30
18
32
29
20
18
25
25
27
22
27
26
22
26
23
21
38
26
24
27
20
21
20
34
30
33
32
23
24
23
29
26
17
19
22
22
17
24
33
18
26
23
16
22
24
25
20
18
19
26
31
24
32
25
24
17
23
31
19
15
16
31
32
21
26
24
21
23
29
24
36
23
30
31
33
20
23
28
26
18
29
22
23
23
21
34
20
20
25
21
28
28
18
24
23
17
28
30
21
22
19
18
20
21
21
22
27
25
28
20
19
31
28
24
20
27
15
23
26
16
25
31
20
22
26
19
22
17
28
26
25
14
24
28
23
21
19
22
21
27
33
24
29
27
22
18
30
24
23
23
21
23
25
19
26
31
27
28
25
28
22
24
17
24
31
23
30
21
20
27
20
26
16
23
27
12
16
27
17
30
30
22
35
22
29
20
21
15
23
24
20
23
23
32
13
32
22
38
27
19
28
27
17
20
20
15
23
26
25
18
28
21
23
26
21
24
19
36
21
17
19
28
20
27
25
21
18
21
23
15
34
24
24
17
19
13
20
21
23
17
17
16
21
25
21
19
31
26
34
15
21
18
22
23
29
16
23
23
22
23
22
12
16
18
22
28
19
16
21
19
17
25
24
20
18
28
21
21
18
28
24
13
20
21
17
29
20
31
13
12
25
24
22
26
18
28
24
24
15
19
24
25
21
16
26
19
18
22
20
23
17
22
15
18
18
17
26
20
25
20
23
23
21
21
25
29
26
18
18
18
20
15
23
20
29
24
17
24
16
24
26
35
15
22
27
24
21
23
15
12
18
21
17
19
28
24
18
16
19
25
15
18
16
20
23
26
18
25
23
23
14
22
24
21
15
14
17
27
21
21
25
27
19
25
23
17
18
24
18
19
15
16
24
29
18
24
18
23
29
21
23
17
24
25
27
23
18
25
20
21
17
17
24
22
24
27
16
13
12
21
23
10
26
26
23
27
27
23
19
30
17
16
27
30
16
26
25
20
26
15
20
29
18
23
22
24
26
22
32
27
24
33
20
24
29
18
22
18
29
18
16
19
27
15
24
22
24
21
26
21
20
24
24
20
19
31
23
16
28
20
25
20
18
17
18
15
25
18
20
17
11
24
20
26
25
19
15
23
32
27
19
16
30
14
25
19
18
13
21
25
28
19
17
22
19
24
12
22
21
17
25
26
21
15
18
15
15
15
26
22
24
26
22
28
18
16
15
16
23
17
23
21
23
17
21
23
18
20
18
24
14
21
15
24
23
20
21
19
21
24
27
20
23
28
19
15
25
15
19
14
17
16
26
17
17
25
22
24
23
24
29
13
23
19
22
15
15
18
19
25
17
20
23
18
22
15
18
21
15
18
23
31
24
20
18
23
22
13
21
27
22
20
19
23
23
24
15
21
25
24
19
22
11
17
22
15
20
19
14
19
25
26
14
23
20
34
21
31
12
19
28
18
15
22
21
12
20
15
23
25
17
23
16
20
28
25
23
20
19
34
22
20
20
30
13
20
21
23
22
23
12
23
19
14
21
20
11
18
29
25
14
21
22
17
15
19
21
18
24
23
19
22
21
18
18
13
11
13
18
14
15
31
16
18
12
19
14
21
20
23
18
17
19
14
18
24
19
14
22
13
21
17
11
27
16
21
23
21
22
25
22
13
24
16
21
22
19
19
21
24
17
15
22
19
18
19
22
21
25
22
14
24
16
22
21
15
27
17
17
21
17
18
24
19
26
21
16
19
16
20
15
27
16
14
21
14
25
29
20
23
16
20
35
20
28
19
19
26
23
19
27
30
23
21
17
15
26
20
29
13
25
27
19
31
26
16
24
16
18
17
29
16
3