45304
3340
1810
1337
993
771
654
545
475
492
380
357
348
299
297
291
245
207
246
202
188
220
170
168
172
163
141
134
145
136
153
134
108
142
115
109
111
112
109
98
112
106
111
98
105
89
97
110
67
70
89
97
76
80
87
69
83
60
79
72
66
81
70
77
82
68
54
74
65
77
61
54
72
57
61
59
77
63
49
71
71
70
55
65
62
59
63
34
50
63
64
33
49
63
53
56
54
64
51
56
51
50
50
61
59
34
36
46
38
43
41
46
35
46
43
39
42
41
47
48
51
47
56
45
49
58
42
48
49
33
45
33
45
33
43
44
42
33
38
43
34
39
30
30
45
36
36
34
38
25
39
36
40
39
39
41
33
41
38
42
38
48
35
35
24
44
36
29
53
40
43
39
36
49
24
34
35
40
40
61
37
35
37
38
40
33
35
33
24
36
33
40
26
34
28
44
37
41
38
37
33
31
34
35
37
52
36
32
36
23
22
31
30
37
33
31
31
29
25
34
36
31
24
36
37
33
29
27
18
27
32
23
40
41
41
25
26
23
26
28
22
30
18
28
27
30
32
35
35
27
32
38
34
21
26
36
23
32
29
32
36
26
23
24
20
32
32
29
28
25
27
28
31
17
38
35
30
37
23
26
31
31
37
32
16
24
27
23
39
20
21
34
27
25
25
26
27
30
31
23
22
29
29
24
27
28
37
19
23
33
31
30
34
31
34
36
25
34
24
28
30
27
29
30
30
32
26
22
31
30
27
27
25
35
32
25
37
24
21
27
19
28
28
24
23
37
17
27
32
23
21
27
21
29
18
28
23
22
28
31
31
27
28
26
30
19
20
22
31
26
28
30
31
19
12
26
23
14
30
26
27
22
24
37
28
26
28
30
30
27
23
22
29
32
18
24
15
24
25
17
39
28
25
22
24
20
21
29
25
18
38
28
22
38
28
22
22
26
28
25
22
17
24
20
37
29
25
29
39
24
31
26
23
28
25
34
28
29
17
24
27
35
26
22
22
30
21
26
25
24
26
22
26
23
24
22
19
26
22
27
26
24
29
23
24
27
37
27
30
26
33
29
19
25
22
21
16
27
27
28
27
21
13
28
19
18
24
26
27
35
22
20
25
22
21
27
18
33
14
23
19
23
23
28
37
22
35
26
21
12
17
20
35
15
28
21
22
27
19
22
30
19
22
15
26
23
20
22
23
20
31
23
28
22
22
19
28
20
15
19
16
22
26
25
26
33
22
21
17
27
25
25
28
22
23
21
28
18
15
18
21
15
24
19
19
27
28
25
26
23
29
21
23
25
27
21
17
33
23
22
30
15
21
19
24
25
27
24
22
21
22
16
20
15
23
17
14
22
21
31
17
21
27
18
21
32
25
28
18
26
22
21
23
29
27
27
16
32
27
22
30
16
18
32
16
23
18
17
25
21
25
21
20
26
22
14
16
24
24
22
21
25
17
20
24
22
14
22
29
17
18
25
23
29
27
22
30
26
25
21
15
25
27
17
20
22
23
16
17
16
18
15
20
27
27
24
17
26
22
14
30
19
18
18
25
16
26
23
18
18
29
22
25
22
21
16
19
20
20
21
24
19
14
23
20
21
14
24
21
19
24
18
29
16
17
22
30
22
26
22
22
24
17
26
21
18
17
21
17
25
24
22
19
33
28
29
18
22
17
25
24
17
27
23
26
23
20
23
21
20
22
22
15
32
14
18
20
14
21
19
24
25
14
18
18
22
16
22
27
19
24
18
18
18
15
21
23
14
13
19
17
36
20
21
20
31
25
17
22
21
16
26
18
20
23
27
23
22
18
22
17
23
11
20
20
23
17
14
18
15
18
20
24
21
22
21
25
23
19
18
19
17
24
16
22
13
17
16
23
29
27
24
22
22
21
18
12
23
25
22
23
28
13
19
24
19
22
15
18
18
21
24
31
26
24
23
16
20
15
22
21
18
19
18
23
16
14
23
16
18
29
29
17
22
20
19
14
17
15
24
17
28
20
29
19
17
26
23
17
14
28
24
19
32
23
19
23
18
31
17
20
28
22
29
19
24
18
20
14
23
17
19
26
23
29
27
26
20
15
23
17
13
18
17
20
23
16
24
29
17
18
15
21
24
20
26
29
25
18
20
21
21
21
15
18
19
15
17
24
13
14
13
24
17
20
21
28
17
22
15
14
21
16
22
17
26
21
21
20
10
24
24
24
23
18
20
21
22
22
20
23
29
27
22
19
25
17
26
16
26
13
20
26
27
21
16
16
28
18
18
13
15
16
15
19
19
15
22
22
23
35
20
21
14
18
20
18
15
19
24
25
21
21
23
16
19
25
17
13
17
23
19
9
17
17
29
23
24
19
28
16
20
24
24
21
20
13
18
19
19
19
18
19
14
14
20
23
23
24
15
14
15
18
19
20
22
16
28
20
13
25
20
18
20
18
21
11
21
16
22
22
19
24
15
17
31
18
14
28
18
28
19
24
22
29
22
16
21
22
23
22
14
19
24
20
23
19
19
26
28
16
21
28
18
21
17
24
17
34
22
17
18
20
15
21
19
20
22
15
19
19
24
27
19
15
18
20
20
18
14
26
27
22
21
16
21
23
17
12
19
12
22
13
18
21
17
19
23
17
20
25
19
15
22
22
21
19
22
18
16
20
19
15
23
20
23
26
8
19
22
15
21
27
14
22
18
29
12
27
17
24
15
25
19
22
21
17
15
20
15
12
20
20
25
20
18
26
15
17
21
21
17
25
25
28
32
14
25
17
20
20
28
20
21
19
21
14
24
25
37
22
20
20
24
22
20
17
20
19
22
23
21
20
28
27
17
12
16
26
27
14
13
20
14
14
23
22
21
20
19
11
22
20
21
25
22
22
12
17
26
27
26
12
14
15
17
17
22
16
18
17
21
22
14
22
17
13
15
25
14