209710
11799
6666
4635
3569
2965
2469
2234
1909
1750
1607
1520
1411
1315
1215
1216
1119
1057
997
951
943
920
933
815
787
794
819
693
748
720
704
714
691
711
681
659
652
637
628
629
626
596
601
588
589
648
573
572
550
566
560
588
489
552
500
528
498
520
494
485
511
513
466
505
514
447
476
501
491
489
433
477
427
468
422
455
437
461
473
452
455
452
413
466
443
453
420
468
429
453
436
415
405
401
431
406
431
414
452
428
419
420
411
377
410
426
398
429
411
403
384
404
386
436
394
397
402
394
377
374
360
420
381
392
382
400
392
383
407
390
406
367
380
393
367
417
405
403
366
392
352
410
377
338
369
366
380
377
387
352
397
375
368
359
366
383
372
355
350
375
363
366
387
363
349
375
347
354
383
355
354
353
339
364
365
391
377
384
347
366
361
364
338
333
334
343
327
353
327
326
354
358
327
354
337
364
337
342
339
360
340
388
356
337
352
346
352
352
348
361
355
338
386
370
366
360
351
368
363
337
374
346
331
342
332
327
362
340
348
320
358
340
372
345
319
359
356
320
336
339
342
351
346
317
330
313
324
349
326
348
351
347
342
346
331
319
350
386
314
329
329
338
333
338
328
319
320
313
316
343
342
373
297
336
301
337
313
352
313
353
339
344
320
286
299
343
318
304
310
326
298
323
306
334
320
368
315
363
307
331
346
312
346
308
340
332
306
297
331
346
368
156