97369
6127
3506
2416
1835
1496
1221
1068
907
822
785
683
641
617
601
496
481
443
416
440
434
422
366
395
348
344
334
302
303
290
301
264
276
280
275
286
274
219
243
230
218
232
234
221
237
198
259
220
213
180
192
196
173
198
214
196
184
186
175
153
168
186
201
166
185
162
181
149
149
144
150
170
183
174
177
172
152
166
149
173
149
152
155
157
142
163
131
158
158
130
137
140
123
143
143
136
125
132
137
131
147
127
141
129
132
142
126
131
118
112
144
135
140
136
134
129
132
132
130
133
115
110
127
141
101
118
136
122
127
114
120
111
133
121
140
110
119
148
115
110
131
116
119
108
117
123
104
119
123
129
124
141
95
116
112
108
123
119
103
116
96
116
101
103
110
105
94
110
120
116
108
136
128
133
101
102
120
91
124
92
119
100
111
114
104
112
115
97
112
121
86
100
114
96
94
115
106
115
101
88
107
111
108
109
103
96
101
107
124
111
116
87
112
130
94
101
112
128
112
109
99
94
93
98
112
92
93
98
99
99
122
103
97
103
107
105
101
88
98
91
97
84
100
101
83
100
109
89
91
123
93
105
107
102
103
105
100
88
92
99
101
103
89
118
95
91
81
113
91
90
88
94
92
91
83
96
96
80
72
101
107
97
83
96
85
100
81
100
104
97
93
83
90
99
76
117
88
82
95
88
100
95
108
95
86
90
94
92
94
98
94
80
90
84
90
101
92
99
114
78
104
105
86
87
85
102
92
85
108
93
85
100
91
78
91
84
104
82
82
82
74
88
86
87
88
99
86
88
75
100
109
108
105
92
90
84
78
101
95
81
73
91
92
84
76
98
92
73
81
90
76
86
88
89
89
86
96
98
94
101
93
86
88
101
85
94
82
101
81
86
72
95
83
86
93
80
61
98
87
90
90
85
90
87
84
92
82
76
95
76
75
87
103
85
84
87
79
79
72
82
78
80
87
66
69
85
102
95
76
87
84
78
81
80
81
79
92
79
92
89
73
86
84
76
79
81
98
68
73
78
96
77
73
93
78
84
96
91
95
85
98
81
79
81
97
94
86
75
88
81
94
92
87
82
87
82
86
64
90
76
104
89
97
77
76
94
77
85
85
78
82
81
81
86
106
94
92
95
81
70
72
97
88
74
75
92
81
73
92
82
81
95
84
73
75
88
90
100
90
101
72
83
91
81
85
83
87
84
95
85
90
70
78
71
81
81
78
82
93
76
81
91
84
90
73
89
76
75
83
86
90
89
98
96
84
77
90
73
106
75
75
77
82
92
94
92
83
96
73
102
94
85
94
84
71
71
87
64
78
73
81
77
79
94
85
96
69
80
78
91
85
77
86
77
66
95
64
97
83
67
84
69
62
97
81
102
76
65
93
69
89
79
71
78
81
93
90
88
88
80
85
64