207053
11777
6812
4663
3597
2919
2581
2217
1943
1820
1606
1488
1358
1264
1187
1104
1059
1071
1005
946
923
872
867
873
901
777
769
758
736
735
729
741
713
678
707
722
655
653
590
589
636
579
578
588
577
596
621
530
553
511
513
526
501
567
550
475
486
525
517
462
522
525
534
480
483
489
461
488
468
469
485
467
451
410
477
437
474
430
514
439
428
452
420
410
431
436
411
413
439
453
430
451
429
442
447
443
414
415
392
413
420
434
404
452
392
399
422
397
409
401
393
406
448
376
418
373
380
377
390
413
375
351
385
409
373
346
422
391
357
369
403
366
341
377
397
376
324
378
384
363
376
405
370
371
389
383
406
368
371
370
357
357
351
366
385
372
365
350
336
378
367
368
385
380
332
372
354
343
406
383
362
382
372
366
330
332
338
367
361
363
383
346
362
379
350
322
371
347
332
360
330
355
378
355
365
369
364
337
310
337
352
365
334
355
369
380
368
325
324
344
349
350
355
333
338
319
322
345
334
337
323
361
326
321
319
319
346
329
316
349
345
340
323
324
349
326
319
361
343
340
372
315
305
356
312
304
324
340
341
322
325
344
339
319
337
308
301
342
349
320
367
379
366
317
315
329
328
343
318
338
336
361
312
331
305
342
319
341
303
316
320
341
317
321
299
344
330
325
319
321
317
340
309
339
322
326
307
329
280
292
318
316
302
323
348
313
322
344
311
287
323
338
280