98924
6178
3307
2407
1842
1452
1275
1101
951
875
760
659
608
619
543
556
526
477
444
413
390
340
393
407
353
321
313
349
279
297
297
284
294
263
258
240
271
246
230
266
227
260
227
212
219
224
223
190
219
209
194
195
212
183
208
203
182
195
183
200
189
163
183
166
177
187
155
186
168
165
170
157
144
160
157
171
157
146
155
128
155
161
140
150
155
137
136
174
138
147
147
131
131
130
143
136
152
162
105
127
152
143
134
136
129
124
111
125
134
117
125
124
138
142
129
130
131
110
131
116
122
150
126
143
97
119
117
142
116
126
116
127
105
133
136
102
102
139
124
113
102
136
124
108
119
110
132
143
115
129
109
114
103
117
119
91
111
109
111
112
108
115
117
108
112
119
119
132
122
135
104
129
98
124
101
110
97
114
122
111
95
110
104
122
99
104
108
99
113
124
99
93
112
127
96
103
106
106
109
113
102
109
106
92
110
106
110
101
108
115
93
94
113
94
101
108
102
103
101
114
101
83
115
105
101
99
100
94
92
98
105
92
120
98
89
93
98
101
106
97
95
106
111
91
110
105
108
82
94
122
101
91
110
89
94
105
105
101
101
97
100
90
103
103
111
96
85
91
102
100
105
96
96
93
95
95
98
85
86
97
89
89
84
105
77
109
92
102
94
102
70
86
77
89
78
88
84
92
112
112
105
80
87
93
115
83
94
83
93
86
99
93
90
82
89
86
94
90
87
90
79
110
85
77
94
96
92
89
92
86
106
99
90
102
91
68
89
92
89
81
93
96
92
74
97
79
102
99
103
82
94
89
106
96
98
79
106
91
87
89
89
96
82
85
80
106
88
86
94
96
100
112
71
88
87
103
83
76
94
113
98
94
74
100
95
84
87
84
78
72
72
95
91
84
82
107
82
95
87
92
88
97
88
86
98
86
72
88
82
95
78
103
89
95
93
78
71
74
82
93
111
90
84
73
88
84
84
67
68
82
84
75
90
88
98
97
86
87
83
86
83
86
101
82
77
86
75
81
88
77
70
75
78
82
85
84
95
74
102
95
85
73
90
74
88
100
85
88
81
87
86
105
83
82
85
78
79
87
81
88
83
88
79
62
86
87
64
84
82
87
76
75
67
98
69
83
101
83
80
75
89
83
71
116
77
83
73
87
73
93
87
78
69
95
83
80
98
83
79
91
82
86
82
78
80
85
81
81
83
90
57
80
78
77
81
92
67
73
68
72
83
91
77
85
79
71
81
92
73
90
83
80
84
94
81
84
82
81
79
86
80
65
82
88
76
73
93
90
88
89
93
80
73
81
89
81
78
84
79
89
80
67
93
92
79
79
94
92
78
72
79
101
88
86
77
65
90
84
79
89
88
77
75
82
67
75
84
81
90
86
78
81
92
66
78
77
90
61
76
80
74
75
90
93
21