46039
3246
1822
1297
982
779
608
579
500
415
411
379
336
279
304
284
253
245
206
200
180
174
151
177
173
169
172
141
153
158
148
109
139
114
123
110
108
119
113
95
87
104
103
90
98
94
97
81
79
86
85
89
81
72
85
69
73
76
62
65
69
75
76
67
69
69
52
67
69
82
65
62
77
66
62
67
61
55
67
48
56
70
62
58
43
50
51
55
83
56
46
43
48
46
55
45
46
63
68
54
50
49
53
53
61
49
54
51
39
46
38
47
49
47
44
43
49
51
42
38
58
47
43
41
49
40
44
44
41
44
39
35
46
38
51
40
37
41
43
40
38
45
40
46
34
44
50
40
34
41
25
43
47
38
41
36
36
43
40
31
36
41
36
43
46
40
34
43
37
46
39
29
47
41
42
23
31
42
36
37
45
41
28
36
31
42
47
42
28
40
34
32
48
43
35
35
33
33
31
29
41
32
51
41
42
30
37
30
34
39
28
32
39
36
35
43
39
34
35
28
34
35
27
35
35
23
45
27
29
30
25
47
39
22
36
25
29
25
34
27
24
30
38
24
32
20
29
22
37
28
28
32
31
34
26
33
40
27
39
32
21
41
22
37
30
27
29
33
42
29
30
31
23
20
21
29
31
19
19
30
28
30
30
21
31
21
38
25
19
27
36
26
30
33
38
31
32
24
33
39
31
33
24
25
27
35
36
28
30
35
24
34
19
34
26
20
29
22
26
31
25
31
28
23
28
30
33
29
29
25
21
21
23
25
30
19
30
33
19
32
29
31
22
24
41
34
28
34
31
32
24
31
22
30
24
20
29
20
28
30
37
28
15
34
40
21
31
38
36
31
19
19
32
22
22
34
24
23
25
22
35
30
27
28
15
30
25
34
26
25
19
25
28
17
22
23
23
23
29
24
20
24
30
27
25
23
23
23
18
31
24
19
17
17
27
20
25
18
28
26
25
29
28
28
21
29
27
23
25
31
28
26
22
10
24
18
32
28
32
23
24
23
19
24
25
21
26
23
23
29
21
14
16
16
31
17
35
18
18
28
21
25
25
32
28
20
20
16
24
24
23
26
23
31
23
26
29
29
27
21
22
26
26
27
28
22
20
23
31
25
21
27
24
17
21
33
27
21
23
22
21
19
34
22
25
18
29
18
24
19
23
30
26
29
26
20
18
20
15
33
20
22
22
17
33
25
22
31
24
27
34
23
26
24
21
18
25
23
26
24
20
22
30
28
23
15
20
28
28
17
26
25
20
25
25
29
18
14
24
28
26
23
26
23
19
26
27
27
30
23
31
30
19
24
19
34
19
30
23
24
28
23
21
22
26
27
23
21
30
13
16
26
29
27
29
24
21
26
18
26
34
33
24
23
24
20
27
31
25
30
24
13
31
30
28
28
27
26
21
24
30
28
19
36
26
24
18
21
30
26
19
13
19
23
22
24
25
19
22
22
19
26
19
29
20
27
19
24
34
17
22
23
27
35
28
20
20
21
23
26
11
16
26
17
27
25
12
18
19
19
26
29
20
22
31
19
27
14
18
23
16
23
23
23
26
25
22
20
19
17
19
28
16
29
23
25
23
33
17
25
36
26
20
23
22
27
23
26
17
18
29
16
18
28
21
27
20
23
28
15
24
21
20
23
28
20
32
27
11
24
25
24
29
24
22
26
16
23
21
10
23
15
24
25
16
20
28
24
22
19
18
20
26
21
14
23
22
23
26
22
23
35
19
16
28
18
29
24
18
24
23
20
20
26
20
18
22
14
20
25
13
25
24
27
25
22
21
26
29
27
22
19
21
26
25
16
21
24
28
14
36
34
26
18
32
21
20
20
22
22
18
27
14
19
21
25
29
14
21
28
26
18
28
24
22
25
18
28
25
22
23
21
31
17
23
26
30
30
16
28
23
19
22
25
24
22
18
24
14
24
28
23
32
27
25
23
26
14
28
23
20
16
26
22
14
20
24
26
13
23
14
23
13
24
31
31
20
19
16
24
19
17
22
29
20
20
22
24
26
20
26
26
34
20
21
26
17
20
30
18
19
13
19
17
28
14
24
20
19
21
30
21
19
19
34
21
27
20
22
17
14
26
18
20
24
21
23
13
14
17
20
17
20
25
27
22
22
19
20
22
16
24
16
26
19
18
20
23
22
21
22
21
27
16
22
21
25
26
19
24
28
18
14
23
20
17
24
21
23
20
23
20
22
23
34
28
20
26
24
21
28
20
16
22
19
21
15
24
29
13
22
23
16
14
29
19
24
22
12
24
23
20
17
23
14
18
26
23
26
18
15
30
23
12
15
20
16
19
19
14
18
17
21
19
32
19
23
20
31
25
25
16
25
24
19
13
19
25
16
23
23
24
27
15
27
16
23
22
20
24
25
24
21
19
29
29
25
20
22
20
19
15
25
21
22
20
20
25
20
22
25
19
17
26
11
24
21
16
29
17
22
22
17
24
15
30
18
14
24
19
19
18
16
15
22
20
14
19
18
21
15
22
19
23
20
16
20
19
23
26
15
16
23
22
22
16
19
21
23
29
21
25
17
20
19
17
19
25
18
18
16
20
16
32
20
15
20
25
22
15
24
24
18
18
17
21
19
21
16
11
11
26
25
21
16
21
18
14
24
19
14
14
23
24
16
22
17
20
19
21
19
17
20
18
25
21
13
22
12
19
17
14
21
16
16
20
21
18
24
23
22
15
23
16
17
23
28
21
15
18
16
12
22
23
22
16
26
26
18
22
24
16
25
12
25
24
31
19
22
21
25
11
20
17
25
17
17
21
23
21
19
16
17
27
16
18
18
15
16
20
26
21
18
20
15
18
20