443494
22395
13133
9432
7370
6097
5338
4634
4299
3942
3715
3439
3247
3180
2966
2885
2726
2593
2466
2424
2362
2445
2343
2327
2233
2114
2057
1933
2095
1951
1980
1907
1933
2061
1865
1912
1854
1871
1832
1858
1860
1798
1729
1700
1777
1765
1672
1645
1687
1640
1670
1683
1683
1626
1628
1603
1583
1608
1558
1575
1560
1540
1558
1624
1648
1574
1501
1592
1611
1488
1548
1397
1462
1548
1438
1530
1541
1478
1479
1524
1496
1439
1455
1498
1488
1533
1450
1454
1432
1432
1497
1465
1392
1467
1408
1481
1401
1412
1400
1453
1388
1364
1404
1350
1370
1383
1446
1423
1361
1389
1399
1425
1339
1309
1357
1325
1381
1311
1354
1339
1335
1358
1301
1368
1335
1377
1374
1335
1338
1361
1374
1348
1300
1309
1348
1300
1368
1351
1312
1328
1388
1347
1331
1266
1276
1341
1332
1371
1290
1296
1320
1333
1292
1244
1320
556