437918
22514
13198
9382
7358
6259
5388
4725
4391
3937
3672
3396
3199
3096
2890
2831
2750
2626
2474
2489
2433
2438
2235
2250
2239
2216
2180
2064
1977
2025
1906
1905
1982
1953
1852
1863
1759
1843
1815
1884
1827
1773
1773
1758
1717
1711
1703
1621
1677
1693
1707
1660
1600
1659
1666
1643
1630
1611
1644
1566
1522
1566
1586
1522
1503
1566
1523
1518
1497
1619
1437
1477
1463
1458
1417
1518
1482
1491
1493
1456
1443
1400
1486
1439
1423
1505
1489
1363
1473
1444
1407
1466
1415
1405
1453
1434
1393
1385
1420
1353
1390
1396
1362
1326
1378
1368
1390
1404
1404
1333
1355
1328
1371
1327
1346
1320
1393
1406
1285
1336
1355
1334
1332
1305
1273
1316
1323
1345
1371
1301
1271
1357
1318
1298
1288
1322
1260
1319
1302
1324
1267
1351
1178
1308
1398
1338
1318
1387
1301
1337
1270
1249
1308
1302
1271
1270
142