439770
22684
13012
9236
7424
6155
5287
4681
4227
3883
3695
3472
3282
2941
2937
2680
2714
2590
2552
2460
2425
2261
2175
2165
2172
2141
2087
2034
2023
1945
1980
1870
1936
1818
1900
1791
1813
1809
1682
1732
1688
1792
1710
1697
1717
1688
1662
1637
1581
1584
1592
1602
1605
1612
1555
1557
1556
1487
1551
1492
1548
1489
1555
1502
1464
1533
1429
1423
1454
1501
1517
1469
1430
1537
1529
1421
1372
1413
1412
1401
1365
1445
1418
1436
1382
1449
1415
1408
1448
1413
1341
1444
1362
1386
1384
1420
1376
1408
1317
1319
1330
1389
1414
1411
1346
1416
1335
1397
1395
1321
1397
1315
1329
1269
1271
1251
1333
1250
1324
1291
1248
1282
1333
1230
1306
1328
1286
1242
1333
1311
1271
1302
1278
1325
1250
1312
1253
1206
1279
1273
1231
1288
1282
1300
1233
1282
1310
1272
1223
1205
1225
1234
1255
1261
1236
1215
1240
1292
1236
1210
1199
618