394837
23800
14009
9919
7917
6749
5829
5145
4797
4329
4093
3875
3516
3427
3391
3166
3001
2957
2902
2677
2745
2654
2563
2435
2478
2493
2502
2413
2311
2269
2253
2231
2201
2244
2082
2134
2093
2217
2089
2018
2000
2004
2064
2074
2016
1935
1993
1901
1865
1891
1975
1970
1894
1849
1918
1889
1849
1883
1857
1820
1813
1755
1832
1770
1799
1768
1785
1736
1765
1783
1697
1770
1773
1810
1675
1707
1663
1689
1696
1807
1792
1664
1758
1710
1702
1771
1720
1678
1631
1689
1627
1696
1657
1646
1628
1682
1616
1678
1606
1573
1643
1534
1593
1682
1590
1578
1594
1615
1565
1594
1567
1613
1620
1639
1584
1600
1629
1595
1566
1544
1578
1534
1570
1589
1562
1472
1632
1544
1523
1565
1544
1587
1563
1531
1608
1589
1545
1642
80