391619
24186
14221
10351
7948
6827
6017
5363
4856
4413
4107
3873
3792
3449
3442
3217
3099
3056
2940
2891
2838
2785
2649
2690
2549
2557
2468
2515
2386
2374
2318
2374
2302
2253
2247
2211
2118
2199
2145
2120
2091
2042
2108
1988
2026
2088
2078
2060
1925
1965
1934
1855
1943
1930
1875
1908
1927
1833
1900
1930
1888
1889
1874
1878
1863
1797
1851
1788
1840
1792
1834
1840
1787
1768
1741
1839
1703
1709
1714
1750
1727
1822
1704
1657
1721
1800
1694
1662
1694
1741
1789
1691
1677
1668
1658
1708
1699
1636
1746
1692
1637
1631
1665
1705
1694
1657
1715
1644
1638
1639
1612
1682
1663
1689
1675
1653
1622
1620
1624
1558
1598
1682
1614
1575
1600
1638
1672
1619
1589
1546
1551
1609
1550
1559
1557
1648
1536