391043
23783
13974
10070
8009
6722
5810
5248
4674
4266
4031
3709
3540
3540
3311
3208
3176
2930
2925
2713
2774
2656
2654
2549
2530
2402
2401
2332
2404
2309
2268
2223
2254
2146
2200
2182
2202
2032
2139
2055
1962
2031
2045
2131
1960
1940
1998
1920
1883
1875
1912
1862
1942
1867
1869
1879
1886
1890
1838
1796
1873
1781
1876
1799
1791
1763
1678
1845
1746
1717
1760
1762
1788
1692
1751
1693
1780
1696
1774
1673
1712
1705
1688
1716
1772
1649
1729
1687
1694
1641
1691
1667
1714
1630
1636
1591
1692
1654
1674
1711
1662
1601
1634
1592
1585
1553
1564
1617
1593
1635
1650
1618
1704
1629
1631
1621
1593
1622
1562
1635
1609
1570
1573
1515
1564
1579
1553
1523
1568
1557
1578
1571
1522
1610
1487
1513
1516
1575
201