84973
6676
3705
2598
2041
1600
1350
1084
1043
926
824
778
681
652
612
589
540
532
504
522
439
502
352
404
413
375
377
343
362
324
321
325
329
300
281
285
303
293
293
268
259
278
273
250
245
255
246
239
254
235
236
227
212
216
220
214
201
208
208
221
182
191
217
184
188
194
193
180
199
190
181
172
188
186
180
184
173
191
179
184
158
178
163
166
159
166
143
168
167
165
185
172
173
175
163
137
155
149
185
135
163
169
131
139
151
148
165
156
163
156
154
165
159
171
156
142
147
164
144
143
146
162
138
140
143
129
143
140
166
136
146
131
125
142
140
152
133
146
138
129
130
133
133
134
119
145
129
151
119
150
145
125
135
132
137
131
144
146
153
131
141
130
128
131
162
129
132
139
141
102
116
117
112
137
133
145
147
117
132
120
122
113
122
132
128
105
107
126
140
125
118
136
127
117
122
129
116
131
107
139
118
143
122
117
114
122
128
114
109
106
114
113
107
109
110
124
120
139
116
131
116
117
114
124
120
112
109
121
117
108
125
114
86
130
123
120
106
111
111
129
109
107
115
100
132
151
116
110
110
98
119
111
115
100
83
115
126
111
122
105
110
124
127
123
80
91
118
114
116
103
84
112
98
118
94
115
131
121
135
122
125
110
118
91
119
124
93
105
127
100
97
127
111
98
115
90
111
115
115
110
113
136
123
97
120
108
101
115
92
110
119
107
116
105
128
102
106
119
103
105
108
113
119
115
95
111
119
126
107
121
109
120
94
99
113
109
112
113
103
110
100
116
111
95
102
103
97
114
139
108
103
121
102
119
99
132
105
121
114
104
107
112
104
105
113
102
119
98
124
97
120
95
119
88
103
119
108
104
106
98
114
100
84
107
104
120
105
103
110
107
95
116
108
108
110
129
101
100
105
107
104
113
98
102
107
127
106
103
99
105
132
120
118
108
84
103
117
95
107
126
84
109
119
104
94
103
95
93
119
97
103
112
103
106
107
94
99
104
109
94
96
111
115
115
100
109
115
99
99
90
110
120
99
118
115
106
129
104
89
96
103
107
100
98
105
103
93
102
105
103
86
91
93
119
114
122
107
107
100
107
108
105
104
98
95
116
93
101
102
105
88
106
105
112
109
102
108
116
94
110
97
87
108
101
80
101
103
113
110
97
116
105
91
91
105
102
86
93
79
99
110
103
104
107
108
96
101
105
103
112
104
113
109
103
108
111
94
108
102
121
88
97
100
108
93
25