39476
3350
1891
1365
1019
828
705
594
565
441
388
406
350
351
315
291
265
237
267
229
195
195
167
197
173
187
158
165
159
138
152
147
139
120
114
129
129
96
114
123
121
113
102
110
91
91
90
115
105
97
85
88
81
89
94
95
105
89
68
82
84
62
85
89
70
58
79
59
66
82
69
69
66
83
88
75
73
72
56
59
62
48
61
60
77
62
61
62
59
67
58
56
67
60
57
48
54
55
52
57
57
43
52
61
44
56
52
42
50
56
55
61
48
57
49
60
57
51
53
47
53
47
52
52
42
47
57
49
57
60
59
60
44
40
53
43
54
46
39
46
50
46
42
54
51
40
42
33
45
46
60
54
31
51
49
49
40
44
38
39
34
31
34
28
39
40
39
35
46
56
44
34
39
46
39
45
31
36
34
39
48
33
33
49
24
35
54
45
41
37
37
34
34
43
55
33
33
31
40
32
48
33
44
32
32
41
44
49
37
43
35
39
32
44
46
33
56
27
41
34
36
39
27
43
37
30
43
43
27
34
35
40
42
27
34
38
34
45
33
36
29
44
37
41
36
35
33
38
36
34
29
36
38
39
33
34
32
27
36
45
37
35
47
40
31
42
35
25
28
39
39
29
27
45
31
39
37
37
34
43
21
28
33
40
39
35
34
40
26
28
35
39
33
40
28
32
32
40
31
31
28
33
33
36
29
32
38
41
31
26
42
30
41
33
28
35
41
22
35
38
34
27
25
31
42
29
36
28
38
28
30
25
29
22
38
37
31
37
28
24
38
36
36
33
29
29
24
38
26
26
22
34
25
32
42
33
29
36
33
25
41
25
32
28
29
27
29
35
29
24
27
32
32
24
26
21
27
39
35
29
27
23
40
22
32
31
28
30
25
39
27
38
35
36
32
27
25
35
20
30
31
30
34
30
26
20
33
25
28
29
18
27
31
43
24
31
30
29
30
33
31
34
24
27
23
25
32
33
30
26
25
21
27
33
38
27
32
21
26
24
24
32
23
33
33
31
40
26
30
31
35
30
23
30
27
29
39
41
39
33
32
33
31
33
25
29
37
26
35
33
39
33
25
22
29
25
25
22
27
18
24
20
36
26
24
28
26
21
30
35
32
40
22
21
26
21
26
29
30
30
28
33
26
25
23
28
32
34
21
31
27
21
24
27
36
24
31
23
32
29
24
43
26
31
32
39
33
30
32
36
28
39
38
24
30
33
17
30
34
29
30
36
27
24
27
27
27
31
35
31
18
28
25
29
26
31
29
23
22
32
22
22
20
24
28
29
30
22
26
24
22
26
26
32
32
21
41
32
36
33
21
26
32
34
24
17
31
29
32
26
27
36
22
32
27
29
21
26
25
37
22
22
22
34
25
20
34
28
27
27
31
29
31
24
31
25
19
26
32
31
23
20
33
28
21
16
36
23
19
29
26
23
25
25
25
20
31
33
29
29
34
38
36
17
27
26
29
20
33
25
33
32
19
28
35
26
22
26
31
25
29
33
15
28
32
30
23
30
26
28
26
31
22
28
23
19
29
22
29
21
21
16
25
29
35
28
20
16
23
30
24
27
20
25
21
27
15
20
24
27
13
19
24
28
23
23
24
31
35
16
28
19
24
20
20
26
27
30
25
31
31
37
31
20
21
25
30
25
25
29
17
28
31
23
27
21
26
27
28
35
19
29
34
29
23
25
26
18
28
17
26
27
33
22
20
23
28
24
32
26
30
30
25
37
39
32
17
30
22
26
42
18
25
24
30
23
22
24
26
18
29
22
30
31
24
19
30
21
18
20
28
17
17
28
27
25
27
23
25
26
23
26
21
33
20
22
28
23
29
28
29
20
18
24
19
29
22
36
19
25
25
19
24
29
23
23
20
25
30
28
32
20
21
16
34
27
17
24
33
30
24
30
20
19
19
28
29
25
28
19
17
15
27
31
23
26
21
28
25
23
22
17
25
15
24
27
15
20
26
25
17
27
32
20
30
27
29
30
29
21
18
17
19
18
22
26
32
25
26
26
29
29
15
22
35
23
31
20
29
18
35
23
30
26
32
22
24
25
28
26
15
29
28
21
21
21
20
23
27
21
22
34
19
32
14
30
33
23
35
25
33
32
28
24
32
25
21
30
21
21
23
21
18
29
17
32
29
17
18
30
33
22
29
16
28
26
24
36
25
27
33
27
25
21
28
27
25
23
21
23
28
25
21
24
28
25
21
33
23
28
18
25
24
24
23
19
16
38
27
24
36
21
18
27
26
18
14
24
25
27
27
14
24
29
23
21
26
22
21
17
31
31
29
22
27
24
34
16
27
25
29
28
35
16
25
21
24
25
25
32
18
31
32
24
26
26
21
32
25
18
22
26
28
22
21
26
21
13
18
24
26
20
27
20
26
33
37
32
22
30
20
25
28
17
28
36
27
29
27
24
28
25
22
17
22
23
29
29
24
27
25
17
17
25
16
20
23
30
22
24
18
26
24
30
26
25
25
25
29
28
24
25
24
28
11