85261
6494
3721
2449
1904
1600
1371
1196
993
889
805
714
676
682
590
533
529
495
462
462
439
424
390
374
411
367
335
318
333
320
319
311
307
304
252
288
257
263
231
274
270
264
221
227
240
243
246
243
219
236
221
230
198
197
212
224
222
217
208
185
187
209
194
208
191
179
190
191
185
192
192
205
190
188
201
163
181
177
171
174
167
175
174
154
171
163
173
160
158
175
168
169
142
150
166
178
153
159
165
172
154
148
139
148
138
148
133
155
148
162
151
146
141
175
155
144
152
164
158
141
132
141
150
134
143
130
136
135
146
145
126
142
125
143
141
173
139
135
125
150
125
135
136
117
120
128
146
127
130
129
130
131
125
136
141
134
117
140
144
113
108
125
132
117
147
116
119
134
115
130
122
133
135
151
121
153
115
136
132
114
138
116
136
132
133
123
137
133
121
115
120
133
135
95
130
107
125
137
108
112
125
117
111
115
115
123
110
108
125
91
114
128
97
130
122
103
125
119
112
114
145
109
115
134
115
116
108
127
121
99
120
112
97
116
98
105
100
130
139
103
122
114
136
111
127
130
111
109
110
132
115
105
107
116
108
118
122
102
123
83
98
125
104
115
126
120
94
118
93
92
133
131
107
114
115
135
114
115
121
94
141
108
97
123
106
105
106
110
117
94
98
109
108
98
119
105
104
100
105
96
108
97
96
107
96
100
110
102
104
89
105
99
109
108
102
109
109
108
111
115
124
107
110
104
115
121
103
106
121
124
107
104
99
123
96
111
91
97
106
122
88
115
109
91
106
76
112
121
98
89
96
94
106
106
120
93
115
103
109
93
109
111
101
115
104
94
101
109
112
119
116
104
114
99
122
100
126
111
92
121
108
113
101
115
82
101
104
113
92
107
113
103
103
91
90
109
108
101
99
96
121
86
92
84
108
95
112
88
133
106
96
88
101
83
83
112
101
90
96
98
97
88
95
99
101
105
93
113
98
115
79
106
98
82
96
101
119
108
84
106
107
86
100
91
100
93
96
115
102
98
108
118
119
106
96
92
96
85
95
87
76
115
92
99
101
85
98
101
102
106
98
109
112
99
106
107
113
114
111
81
105
97
118
103
91
92
112
81
94
111
104
97
104
90
82
107
99
95
85
94
95
87
114
78
84
114
100
82
86
92
110
70
94
102
106
99
93
96
89
103
103
116
105
87
98
107
108
82
92
128
96
100
94
92
98
93
95
82
104
114
92
99
87
83
100
96
96
107
99
105
112
99
86