183550
12226
6963
4944
3797
3171
2670
2306
2086
1893
1725
1601
1463
1443
1304
1245
1172
1150
1089
1058
1046
1043
925
951
916
868
891
873
901
817
796
774
811
758
793
751
700
723
723
683
699
682
669
628
650
670
616
622
625
617
610
622
632
544
576
588
582
600
569
598
511
539
537
548
567
583
557
536
539
536
551
534
528
539
553
533
529
521
500
531
487
491
540
511
462
490
495
504
483
525
510
473
516
513
520
455
518
481
470
482
438
453
491
452
456
493
476
480
470
449
470
468
475
450
444
487
416
448
433
450
443
452
431
451
456
467
433
436
472
466
462
450
462
450
415
416
464
417
457
444
444
471
453
430
429
467
416
449
450
436
410
400
409
414
433
444
424
431
442
449
422
398
444
445
429
457
402
448
441
466
417
410
422
406
397
420
432
430
454
403
411
403
377
421
423
403
413
380
430
412
396
412
406
379
425
405
389
416
411
413
448
391
407
419
368
441
393
397
391
387
422
419
383
415
431
409
362
410
404
406
402
406
416
413
401
428
391
424
389
417
362
400
413
414
395
371
409
416
390
359
362
383
382
444
386
408
391
411
388
407
334
389
425
383
400
391
394
405
388
406
398
441
424
399
397
380
378
378
384
348
392
387
401
395
426
369
127