184984
12399
6956
4982
3755
3244
2727
2301
2137
1807
1748
1655
1491
1421
1367
1204
1216
1182
1098
1111
977
979
904
942
961
870
876
833
775
790
824
792
808
719
719
723
782
680
703
721
627
652
679
669
595
651
601
637
649
641
620
626
604
611
546
606
624
594
584
616
550
552
576
506
583
566
542
576
608
535
545
542
534
510
571
506
512
514
507
533
545
518
545
510
511
533
491
528
505
484
520
481
505
520
517
490
471
498
431
463
475
468
458
477
487
492
449
440
453
476
487
469
491
451
464
461
449
452
438
433
464
468
419
456
470
458
454
446
450
468
444
453
434
442
431
447
438
439
476
450
421
410
432
466
409
418
460
416
400
457
458
429
406
456
430
432
431
409
426
428
425
411
381
409
398
407
439
447
443
402
415
415
380
397
422
441
394
413
424
415
394
411
476
407
399
430
435
401
398
391
398
424
387
471
401
407
371
403
410
397
396
421
383
439
389
370
394
393
428
415
392
402
423
405
403
401
406
425
392
424
377
394
406
413
375
358
389
370
438
395
412
385
427
375
370
399
416
371
389
380
408
384
378
387
376
359
381
403
367
383
426
404
389
394
394
404
365
413
397
398
374
370
389
390
396
365
408
389
399
384
364
399
387
353
396
373
339