39107
3490
1922
1270
1022
804
669
604
497
436
405
355
349
314
284
310
269
262
233
214
242
221
203
190
192
161
182
161
142
149
142
140
138
142
125
114
136
119
116
113
101
100
96
116
99
95
96
109
92
86
118
103
84
78
87
90
91
61
78
91
73
72
82
65
84
79
73
60
84
73
61
55
66
67
46
50
79
60
73
67
69
69
72
49
54
61
66
68
61
54
60
70
64
59
60
53
67
58
47
52
69
53
62
66
43
46
53
53
51
37
53
60
57
47
53
66
37
36
70
55
55
57
46
47
59
49
58
45
49
58
60
48
34
48
53
46
43
35
42
39
38
47
42
45
54
48
32
51
59
52
49
51
49
45
39
36
46
45
47
45
32
46
39
48
39
43
43
47
38
43
53
50
41
30
34
45
38
41
37
41
46
34
41
44
37
42
41
39
43
41
33
42
31
44
35
43
39
43
48
35
43
42
37
39
37
39
31
28
40
41
38
41
46
44
41
40
48
38
33
47
31
34
28
35
43
42
35
45
40
36
31
34
35
33
40
30
36
29
36
40
38
38
44
30
41
38
35
25
33
30
34
41
25
30
37
37
37
30
50
34
46
39
46
39
33
42
34
29
28
29
31
37
37
31
26
34
35
29
34
28
33
33
43
37
37
35
32
27
40
39
37
22
38
39
42
34
38
20
25
27
39
29
32
30
35
32
33
38
38
25
28
28
26
35
32
28
26
38
33
41
32
26
26
29
41
32
31
40
30
45
25
36
30
25
22
34
38
39
38
32
29
27
30
27
39
30
41
22
26
30
40
46
20
32
29
32
25
33
36
32
22
23
24
43
27
30
32
29
26
34
31
28
30
25
30
30
31
25
21
43
29
30
39
32
39
23
25
29
25
32
38
27
32
27
31
30
38
25
29
27
26
29
23
30
25
33
43
30
36
36
30
30
45
25
29
33
32
27
30
24
36
23
33
32
26
35
27
31
35
28
38
30
23
27
24
30
34
31
32
20
22
27
27
35
34
30
29
33
22
36
23
29
28
19
37
29
28
26
30
23
36
33
32
30
26
27
28
40
30
23
31
23
32
36
29
25
24
27
22
17
26
36
30
38
21
32
35
20
31
42
32
23
27
14
30
17
34
31
26
27
32
35
22
30
26
23
27
37
31
27
34
25
21
23
43
30
31
30
30
28
26
25
19
36
26
26
31
28
30
30
18
29
16
31
27
23
23
22
22
28
26
23
32
27
36
30
18
30
28
27
34
19
36
23
23
34
38
29
25
31
25
29
28
34
26
22
29
30
38
37
34
32
33
27
33
31
32
28
28
23
24
23
25
26
26
26
19
30
22
18
21
31
37
27
26
32
30
21
22
29
44
21
24
22
24
22
24
16
25
12
27
30
32
22
29
34
30
28
28
30
27
27
29
38
34
32
27
26
21
23
28
27
30
33
24
28
23
31
22
23
25
31
24
19
24
29
32
27
27
20
28
22
20
21
17
22
26
24
28
24
27
33
24
30
26
25
25
24
24
28
30
24
25
27
17
26
21
19
22
22
26
27
30
33
28
27
22
26
22
22
28
22
21
26
27
19
20
22
19
33
20
20
25
21
24
26
28
27
26
15
25
28
34
25
29
33
21
31
30
32
24
35
30
21
32
25
22
27
24
22
26
27
24
31
31
21
27
30
30
30
26
33
37
24
29
22
26
23
32
31
20
25
22
27
30
33
30
17
24
24
23
33
31
22
32
14
23
32
22
21
33
31
22
29
24
28
28
26
23
20
22
28
22
19
22
24
19
30
18
20
25
20
30
27
23
25
28
23
30
22
27
18
24
29
33
21
25
18
26
23
29
27
32
28
19
19
24
30
26
25
26
25
25
38
20
25
21
21
26
22
18
28
26
17
29
21
27
40
35
19
24
20
27
26
32
20
22
29
22
28
18
31
38
27
27
32
19
22
25
25
25
35
25
18
18
20
16
21
27
24
31
25
28
21
29
29
25
28
26
30
20
18
32
25
27
27
23
29
27
27
27
20
24
25
18
19
20
23
21
19
34
25
29
23
28
27
25
17
29
24
26
19
31
24
26
20
29
26
25
28
25
30
31
23
30
21
33
23
34
22
28
12
28
16
28
18
29
21
14
20
34
18
26
31
36
22
23
36
19
25
27
13
25
34
18
26
27
26
35
20
19
23
19
14
23
25
20
22
27
28
26
27
20
31
23
26
31
23
27
36
19
31
26
22
23
24
31
29
18
19
24
24
23
23
31
23
29
19
25
18
20
25
22
30
20
26
30
29
26
19
24
29
27
16
26
16
29
26
28
25
25
20
25
29
16
23
21
32
25
24
27
15
22
16
24
31
31
27
35
25
24
29
23
20
19
20
20
21
31
20
26
28
25
33
25
33
26
24
30
31
25
25
20
28
14
26
30
22
27
33
35
23
17
23
16
30
30
30
22
25
18
24
30
26
25
19
27
24
15
18
23
24
26
24
18
27
22
26
19
21
25
20
28
28
29
18
28
4