86134
6510
3557
2528
1934
1632
1305
1134
1021
890
789
724
659
641
584
617
540
510
494
440
423
452
428
393
372
381
386
355
343
318
295
303
317
279
239
271
265
301
267
287
239
250
267
248
261
219
249
283
198
228
218
215
196
202
226
198
218
195
210
212
194
194
194
193
181
178
195
188
185
173
180
200
165
172
180
177
154
196
171
169
152
183
180
179
145
158
152
165
144
163
170
182
140
176
168
150
155
144
139
166
165
135
146
156
150
149
145
148
151
128
157
138
153
156
142
163
154
162
151
154
152
147
135
148
157
143
138
152
164
141
154
144
136
122
139
123
117
134
155
132
143
122
134
148
147
120
136
129
129
144
131
133
143
121
138
119
125
126
130
153
123
130
137
132
121
133
135
131
106
139
141
143
130
104
121
138
116
128
146
128
119
152
102
125
115
116
128
132
112
107
130
122
120
126
95
130
123
111
94
107
123
109
110
115
113
108
117
119
113
127
130
123
137
112
104
103
136
105
107
105
116
110
111
123
135
113
104
111
124
108
97
128
106
102
121
108
125
133
106
122
115
121
101
94
115
103
113
105
129
97
122
120
128
118
104
111
103
102
105
104
105
106
106
127
130
124
120
124
106
119
111
109
115
110
109
112
100
111
119
107
116
100
120
97
109
99
110
117
107
128
103
119
106
130
98
123
129
119
116
96
102
116
115
117
118
95
97
93
92
106
124
110
117
94
101
108
104
107
99
110
97
121
113
97
98
99
100
116
100
107
133
115
101
108
80
89
94
107
104
109
100
107
107
110
108
116
120
91
104
122
91
115
94
87
100
88
118
101
114
113
127
99
107
88
120
110
99
111
108
88
109
108
116
92
113
107
89
106
108
98
88
138
104
89
93
110
109
93
119
95
105
119
123
110
104
100
120
95
96
98
92
115
90
101
106
100
99
105
119
89
95
103
102
101
101
110
122
113
108
92
116
102
90
103
107
95
125
93
106
107
117
89
95
80
92
109
103
115
95
106
94
88
94
98
118
98
90
90
95
83
94
106
93
89
103
99
120
93
118
94
101
105
97
97
86
102
124
94
106
113
90
94
89
96
85
95
91
95
97
114
111
108
87
100
111
89
87
95
115
100
102
114
86
97
95
99
93
87
95
107
94
125
105
108
98
116
72
81
86
103
116
95
100
98
88
92
82
109
104
87
108
104
94
96
114
89
96
76
105
101
102
94
115
95
87
84
97
105
90
97
107
107
111
104
90
113
93
99
102
95
88