38850
3530
1918
1334
1063
838
695
585
486
483
428
415
379
344
288
281
281
244
282
213
206
209
200
194
173
161
167
166
164
149
147
140
128
122
117
149
113
111
132
122
105
98
119
91
103
84
90
110
76
89
81
106
97
93
103
79
83
71
95
95
85
96
61
80
74
59
66
63
90
88
74
70
70
65
69
64
64
85
81
71
74
68
69
71
64
48
55
63
63
61
75
60
55
64
61
54
40
71
56
55
56
64
56
54
70
65
64
48
62
64
43
60
53
50
58
67
60
59
53
49
55
63
43
54
48
47
56
48
57
48
64
47
47
43
45
54
41
53
55
40
41
49
41
42
59
38
39
51
39
50
46
57
42
48
47
45
39
48
49
52
48
46
40
36
46
38
45
43
44
43
49
50
35
29
37
38
37
43
51
51
46
41
45
45
41
50
45
47
35
43
49
36
42
46
42
39
39
38
35
30
39
39
36
37
38
43
37
32
44
40
31
39
42
42
44
46
37
47
43
40
28
40
37
33
41
44
41
39
46
43
35
32
29
24
33
55
25
41
40
39
33
48
22
29
37
33
39
35
29
36
36
44
38
37
37
36
42
39
33
34
27
37
37
37
38
24
38
40
34
35
24
28
36
36
27
24
47
37
30
30
27
31
43
32
35
37
32
35
37
38
29
44
26
21
44
41
31
33
31
49
49
43
35
29
33
27
31
26
28
33
32
32
27
33
35
28
34
36
46
39
24
24
43
27
35
23
27
39
31
31
38
32
38
36
33
36
29
39
28
32
33
39
31
34
32
35
20
31
35
35
43
39
18
37
37
27
38
40
38
31
25
38
23
27
32
27
33
35
22
30
37
46
36
31
26
36
34
30
29
42
31
37
33
43
39
32
38
30
25
38
24
29
27
33
24
34
33
28
37
26
33
35
35
26
39
28
29
24
35
33
29
28
25
34
32
21
36
20
25
35
32
35
30
41
31
42
34
29
33
35
29
32
23
36
33
37
27
37
22
24
37
19
27
32
40
28
27
32
42
36
29
27
19
36
27
23
33
31
34
20
34
34
26
25
21
27
30
30
18
38
22
34
32
39
29
25
25
26
32
30
35
33
31
28
32
26
25
32
18
35
41
24
36
33
34
37
29
28
30
31
26
28
35
22
31
31
20
27
31
34
26
32
21
31
20
34
33
17
32
27
22
24
34
25
33
29
34
20
30
21
30
33
23
28
26
21
31
29
23
21
37
20
31
32
28
30
25
30
35
24
34
28
27
23
27
26
34
25
23
27
25
34
18
21
36
24
17
27
23
27
25
30
27
21
21
24
36
33
29
25
27
24
27
24
25
33
30
23
33
41
24
16
36
35
31
29
26
34
21
36
30
26
22
27
32
31
25
28
31
28
24
32
30
25
21
25
29
38
28
32
33
27
21
27
30
23
30
33
33
29
31
24
27
30
27
38
25
26
27
17
19
24
32
25
24
28
22
29
40
26
27
31
44
37
26
29
31
24
22
29
22
35
23
24
24
40
22
38
26
30
25
22
19
24
27
30
22
30
26
28
38
15
33
21
27
25
29
18
28
21
30
23
31
27
24
34
34
28
28
37
33
27
26
34
18
26
24
32
37
21
29
31
31
27
15
29
28
32
32
30
30
39
33
32
25
28
23
29
29
39
29
34
25
28
29
27
20
28
27
26
27
26
22
29
31
24
24
26
18
33
30
25
23
23
19
18
20
16
22
27
20
29
24
19
32
29
34
24
26
32
23
28
26
30
24
31
25
30
19
23
33
29
19
27
35
23
27
28
22
25
26
24
29
28
28
33
33
30
27
25
24
26
29
19
32
25
29
31
30
23
32
31
20
34
31
28
21
18
19
32
27
29
29
15
23
27
22
24
20
26
19
20
24
26
24
31
32
23
35
23
26
27
22
25
20
18
19
25
18
25
25
23
22
23
23
26
16
24
22
27
24
19
27
25
27
32
31
31
19
26
21
24
24
33
15
28
36
26
31
32
23
27
23
25
25
34
25
21
29
26
23
27
22
25
26
30
18
29
38
24
34
28
22
31
31
28
21
23
30
32
35
33
19
27
22
25
32
27
31
33
19
27
22
24
30
24
18
23
28
31
16
30
23
18
29
17
29
30
24
33
32
28
27
22
30
20
29
22
23
26
29
33
27
24
29
38
25
21
25
25
30
26
27
20
21
24
20
31
32
24
26
24
38
20
31
21
20
25
26
33
30
31
16
28
19
25
26
25
23
26
21
18
25
34
35
30
27
20
22
24
27
29
23
27
24
28
27
32
26
21
40
25
20
28
31
27
28
24
22
23
24
24
24
37
31
27
26
23
35
28
23
13
25
22
28
17
22
22
26
33
16
28
26
19
22
23
25
22
32
18
25
20
23
21
25
27
25
32
33
17
21
32
24
19
21
24
24
20
18
26
26
25
30
31
17
28
21
21
22
22
21
29
26
23
41
21
31
26
32
21
17