183818
12550
7205
4971
3932
3233
2707
2389
2142
1953
1733
1662
1589
1409
1364
1286
1251
1153
1131
1087
1030
1047
949
980
889
873
882
818
856
847
817
756
786
767
786
714
732
700
710
726
659
716
684
693
695
666
649
641
612
632
657
656
610
613
617
584
612
578
628
612
555
615
589
596
544
534
523
579
518
523
545
539
570
529
529
556
558
508
540
504
517
498
521
544
525
504
520
513
509
455
537
547
506
487
518
499
504
499
485
436
482
498
482
473
485
480
501
482
475
498
480
464
468
518
477
484
446
471
490
505
464
481
473
398
486
467
432
459
481
472
426
421
463
444
400
497
446
425
426
440
468
413
433
439
420
458
395
453
387
463
457
436
417
419
442
430
455
457
423
397
430
458
463
414
463
442
432
433
402
417
417
410
459
426
437
422
443
427
429
434
402
450
400
420
430
388
462
409
435
394
378
439
404
384
448
436
421
458
436
382
382
413
448
414
422
411
398
411
415
398
421
455
391
424
404
432
387
442
410
416
432
379
454
385
415
393
372
388
407
374
415
384
413
416
377
432
379
412
414
402
390
440
396
422
393
387
430
422
384
434
419
405
383
383
400
396
375
408
396
383
417
400
392
407
398
411
397
387
385
419
366
411
422
403
358