109099
5646
3200
2399
1906
1516
1355
1197
1026
987
938
829
756
758
686
687
655
584
574
586
527
534
502
535
494
551
503
483
490
472
480
422
437
446
439
408
437
409
421
372
437
376
373
387
373
399
404
380
363
358
386
364
357
372
357
341
350
373
345
378
315
335
368
334
310
377
334
341
330
332
286
331
296
350
305
333
308
310
310
336
298
331
341
331
314
341
318
283
301
345
294
334
305
318
315
335
309
266
302
284
283
307
321
287
276
296
299
290
280
292
294
279
298
315
315
305
291
250
290
311
260
310
292
294
264
288
286
260
282
278
291
281
273
260
303
287
265
253
251
311
270
269
284
312
262
267
302
315
296
281
284
303
277
304
273
274
288
289
250
298
277
278
292
264
281
296
270
303
309
279
273
267
246
262
264
262
254
240
274
282
247
272
279
264
283
248
265
86