102267
6021
3301
2328
1874
1516
1238
1047
972
841
786
771
594
627
595
556
525
538
481
470
431
414
386
415
389
372
356
355
398
350
331
355
302
283
289
288
262
298
295
270
301
277
273
253
274
247
246
265
263
252
236
260
217
229
219
220
244
235
220
250
209
231
201
215
196
228
172
227
199
224
186
212
194
194
178
225
196
179
221
204
225
186
222
198
189
170
180
189
209
178
182
188
177
179
187
205
193
185
161
174
182
217
155
164
179
158
162
180
177
176
185
179
162
175
149
174
163
163
162
180
170
164
165
147
158
180
159
167
164
163
173
167
165
152
169
164
177
173
148
174
183
145
169
168
149
151
176
172
156
167
156
167
143
170
156
151
148
121
142
136
146
150
142
151
165
158
160
163
147
144
142
161
165
139
150
153
145
142
144
172
151
157
161
156
165
151
186
143
138
157
166
156
136
145
134
150
157
135
168
130
150
142
153
142
151
144
151
138
162
141
140
135
158
140
141
161
151
145
144
128
133
161
150
140
144
130
174
150
145
138
151
138
145
122
149
144
146
133
145
141
134
129
142
137
156
164
144
137
138
155
154
148
157
130
139
122
144
127
154
154
150
147
137
144
157
140
134
147
144
149
136
141
121
142
150
141
140
122
144
132
135
141
147
112
136
140
138
143
118
150
126
143
129
137
149
152
114
144
136
144
130
131
142
129
112
135
144
129
116
121
131
132
154
151
120
140
125
136
140
160
133
140
139
128
137
156
142
117
148
121
140
142
142
137
149
133
151
117
138
119
135
140
134
120
120
138
125
125
124
128
151
134
135
135
113
116
119
132
138
116
133
137
142
113
148
134
136
127
125
129
150
115
115
160
127
151
142
121
146
143
138
144
132
127
136
52