97275
6047
3459
2358
1864
1456
1231
1066
1006
843
777
714
688
592
527
509
503
467
449
419
454
386
404
391
333
328
317
354
302
298
295
272
270
271
243
262
239
245
256
264
242
228
219
226
213
222
198
229
199
204
192
190
173
210
228
183
184
173
184
180
204
210
158
184
151
180
165
150
170
155
149
158
164
179
141
157
139
153
161
149
158
167
167
165
138
164
159
168
138
147
117
153
140
145
149
138
137
145
148
117
139
151
153
124
121
132
123
130
145
130
137
122
127
135
106
136
128
142
119
119
123
136
125
118
115
142
119
132
97
111
123
125
110
108
118
144
133
131
127
121
131
130
115
119
118
100
116
124
116
124
114
125
117
114
100
113
115
109
119
108
105
118
111
115
97
116
100
111
99
90
104
125
97
102
96
107
107
111
117
113
116
115
113
97
112
109
108
97
109
96
110
115
94
109
111
128
124
92
93
96
97
114
125
108
105
106
100
104
111
118
90
117
108
95
106
104
107
100
126
122
108
89
89
104
114
90
98
97
95
80
102
107
102
88
105
113
87
97
94
108
94
101
96
95
108
100
93
107
113
95
95
127
92
92
114
81
106
104
100
102
81
113
98
110
110
101
116
82
77
106
105
94
102
85
106
79
115
100
103
99
94
88
104
105
105
91
93
94
91
95
103
87
104
91
94
87
82
83
86
86
86
83
101
103
87
96
90
109
94
106
86
107
94
97
94
92
99
102
97
70
95
88
122
104
88
86
95
94
81
96
78
99
94
112
84
84
102
91
97
118
106
87
107
105
96
102
93
88
90
90
89
83
97
93
83
101
93
80
89
83
102
74
85
90
90
88
111
105
85
97
93
84
83
77
93
85
103
85
83
87
89
97
74
104
84
78
74
84
79
83
86
87
81
78
88
111
78
84
85
91
88
63
88
79
111
73
99
98
100
93
84
84
89
69
83
89
100
85
86
94
70
89
86
66
82
88
70
87
95
89
80
87
90
64
77
90
74
95
86
87
81
96
95
93
87
80
79
77
87
98
80
71
80
96
91
90
98
84
83
76
87
75
79
77
79
81
76
95
82
102
90
73
85
94
90
95
74
92
94
76
66
97
63
86
83
74
66
78
75
64
80
79
102
85
95
102
99
70
81
81
86
89
80
80
79
79
95
84
92
77
64
97
83
82
69
67
89
103
72
79
86
91
94
99
77
93
94
83
91
87
84
89
84
91
66
84
71
89
91
78
92
74
79
87
85
82
80
81
64
88
78
89
96
71
71
98
86
80
88
79
87
85
94
73
58
82
91
84
88
78
73
87
79
74
79
97
81
91
90
78
83
76
75
72
85
92
73
85
81
96
71
67
84
94
83
89
90
81
91
91
89
77
71
81
89
80
67
85
70
76
80
80
80
86
81
84
95
83
71
77
72