107650
5690
3266
2272
1838
1546
1351
1188
1061
963
820
842
780
735
718
631
633
608
611
566
560
572
558
495
465
515
483
464
507
467
440
439
421
421
389
456
435
401
388
419
386
408
428
396
371
418
375
358
343
366
399
346
378
371
371
314
342
311
374
355
361
342
339
349
349
335
334
341
359
329
337
357
321
380
324
334
364
295
305
331
332
307
335
323
308
329
325
321
302
299
318
292
320
318
290
296
294
289
307
305
313
309
291
290
307
310
310
270
308
292
289
311
299
311
289
319
297
273
290
290
315
299
281
300
280
293
326
309
297
291
312
310
301
319
291
289
262
281
278
293
274
268
285
274
286
273
275
264
269
268
266
259
289
280
263
290
306
287
262
269
271
286
276
282
276
251
296
261
279
250
263
265
266
291
282
302
275
283
222
284
249
251
259
266
263
265
161