99010
6100
3416
2487
1813
1411
1290
1018
976
849
740
680
678
584
565
536
519
460
443
389
391
374
348
349
366
354
346
351
318
302
305
287
284
285
270
242
256
268
244
240
224
250
248
248
226
211
208
200
211
214
199
192
193
173
183
185
188
176
211
200
165
177
152
147
172
167
178
178
171
160
178
161
180
162
157
169
157
169
158
164
128
170
131
167
157
145
139
162
127
159
141
129
170
133
132
124
156
138
143
130
140
131
127
119
139
119
141
119
112
134
140
148
141
124
130
131
148
135
124
101
143
121
126
113
121
111
121
116
143
138
123
116
121
112
131
108
109
103
123
99
112
125
108
125
124
121
117
129
123
124
105
101
115
106
121
106
119
115
115
115
122
105
108
117
94
116
115
121
116
98
103
118
115
112
115
118
97
101
88
93
105
104
91
106
119
100
99
109
115
103
92
106
93
115
116
76
111
116
99
103
88
99
100
118
104
82
110
105
112
102
92
113
107
97
119
95
96
74
115
121
110
104
87
114
97
88
84
101
109
103
104
100
106
80
89
99
88
113
112
96
88
102
89
104
97
86
102
105
89
103
84
90
90
80
96
108
106
113
86
119
84
88
99
92
98
88
125
97
108
85
100
97
107
105
79
99
108
86
97
96
75
84
82
90
108
99
89
91
96
88
79
96
78
118
102
88
86
97
93
93
90
107
81
93
99
104
99
92
103
81
93
83
72
100
89
109
114
83
89
94
104
90
104
79
102
96
97
86
93
91
75
82
80
84
78
105
93
84
92
97
100
103
97
71
103
105
88
91
83
98
83
76
91
89
68
75
117
93
99
93
94
91
90
75
84
92
92
87
91
82
68
75
95
81
70
84
84
89
100
84
111
91
90
67
77
92
95
86
87
87
87
86
84
86
73
86
93
92
78
92
97
92
89
71
98
87
102
88
89
81
79
78
91
95
72
83
93
89
100
101
95
92
76
90
75
85
72
106
88
94
78
88
115
79
79
90
99
92
105
77
96
100
87
79
102
94
85
87
78
87
76
91
103
90
82
99
105
76
70
74
88
86
86
92
96
76
94
71
88
73
91
71
80
71
85
83
65
98
101
84
88
91
86
87
80
78
78
84
112
99
90
91
94
77
111
80
98
71
83
83
82
92
80
93
91
88
82
77
102
67
97
82
80
80
86
73
62
81
76
96
75
97
88
85
83
81
93
84
87
88
84
92
85
83
76
88
81
86
107
81
84
80
88
83
78
82
73
76
64
78
75
76
77
77
81
77
87
83
83
95
74
70
85
88
81
75
53
86
80
90
90
81
73
72
83
89
79
80
86
74
85
82
96
82
100
80
86
64
79
91
92
91
74
93
93
83
86
76
83
81
92
74
73
77
67
84
82
86
72
76
79
74
68
76
78
67
84
84
105
73
84
100
66