103260
6039
3320
2294
1886
1380
1189
1067
948
893
763
688
677
589
550
553
533
527
478
447
414
428
426
405
368
376
375
361
355
323
306
355
330
306
271
275
330
296
306
294
263
267
276
256
279
267
262
257
243
251
271
262
258
249
224
236
255
234
259
212
230
225
221
226
233
220
213
233
218
218
192
221
240
206
216
212
226
199
177
193
188
203
201
189
185
207
199
201
204
202
197
199
199
178
188
202
207
212
181
195
212
189
198
165
206
185
188
183
191
160
170
173
164
178
177
155
158
188
193
192
156
178
200
166
170
182
178
179
177
162
176
163
177
162
168
173
161
166
175
194
154
160
180
140
185
143
175
162
176
163
167
159
149
163
166
205
175
164
162
138
158
183
150
164
168
162
140
156
173
158
182
159
152
141
128
167
143
170
174
170
164
157
146
164
174
164
151
168
152
139
174
162
175
158
161
142
158
161
143
154
143
146
138
156
143
157
173
140
140
131
156
161
138
138
163
149
158
128
168
160
159
143
144
169
139
146
163
138
150
154
146
137
138
133
158
181
142
143
147
155
159
141
141
131
140
149
159
142
159
129
135
142
143
164
160
153
152
128
153
158
177
151
139
134
148
130
145
152
131
143
145
141
140
143
131
131
153
122
140
134
130
129
153
164
164
143
139
122
127
147
146
156
143
154
142
157
159
144
119
140
149
130
139
133
163
134
135
142
138
156
134
146
147
151
137
151
127
147
142
133
151
130
140
147
143
159
138
137
131
138
143
138
134
150
125
161
167
134
131
132
130
146
131
143
126
144
152
136
136
118
130
132
130
130
158
136
138
139
158
128
150
135
133
137
145
119
111
122
139
145
151
43