108739
5543
3183
2323
1859
1489
1257
1045
1015
982
863
847
770
751
683
632
617
635
594
567
552
579
524
524
505
459
459
491
438
437
421
461
442
435
423
380
404
364
382
397
362
381
381
367
386
381
371
371
351
383
343
362
357
387
362
334
353
315
291
362
356
319
335
334
327
306
332
330
312
332
324
325
324
313
337
314
309
284
324
307
313
292
291
303
285
305
299
320
275
291
286
290
323
309
275
276
276
270
306
325
292
298
305
283
291
291
315
286
316
276
293
268
301
263
279
294
296
256
281
267
287
273
213
277
282
274
281
290
273
271
274
266
266
244
257
261
311
263
288
297
268
291
290
276
252
283
248
260
243
261
260
291
293
253
272
257
239
265
266
266
250
283
273
259
270
288
270
278
265
247
269
262
273
282
283
239
262
268
258
274
287
252
251
290
271
262
264
274
261
243
276
233
293
227
10