101681
5994
3225
2396
1784
1462
1253
1070
910
858
794
722
670
671
574
560
524
491
479
511
433
424
416
414
410
401
363
354
348
351
300
319
303
335
336
295
284
286
275
278
296
289
249
290
256
236
260
261
262
237
219
238
236
233
258
247
226
235
227
210
222
243
229
213
219
198
208
222
241
211
225
229
204
206
203
235
198
200
196
215
180
169
206
202
201
191
212
201
171
197
198
237
185
183
183
182
188
188
191
181
172
173
188
198
189
199
187
186
187
197
199
158
162
195
194
160
202
186
183
173
168
163
153
176
192
177
186
172
152
164
170
165
183
201
171
171
165
167
155
184
182
159
155
169
183
189
183
172
163
160
189
165
163
163
165
164
174
165
144
188
175
163
145
169
178
168
159
155
150
176
163
143
173
153
159
154
148
168
156
166
171
161
165
152
143
158
137
152
169
152
149
147
128
164
164
138
152
158
160
158
167
137
146
151
149
151
142
155
139
167
157
172
153
129
174
165
151
141
158
168
133
121
163
157
146
174
159
165
160
150
143
160
157
154
160
153
151
147
170
155
135
162
138
155
149
149
149
140
143
146
120
149
175
145
164
134
153
136
137
161
139
122
135
143
131
172
154
152
125
138
138
161
133
131
135
156
142
146
137
159
139
156
142
157
159
142
158
139
144
138
141
141
139
125
130
148
136
141
158
148
132
144
159
122
139
120
137
134
144
142
151
155
141
143
135
155
141
130
134
149
139
143
146
147
143
127
134
138
151
142
145
135
131
145
136
141
120
150
150
133
145
106
133
135
137
138
159
116
127
134
129
144
139
136
133
141
116
133
140
139
127
132
142
140
121
130
141
118
136
157
101