97577
6253
3445
2356
1870
1485
1212
1067
975
848
746
700
700
600
570
546
517
511
462
433
392
392
380
381
310
355
362
312
311
306
306
298
272
284
261
252
234
230
233
248
223
211
229
211
236
214
190
233
204
201
185
171
197
186
194
168
168
192
149
179
162
184
190
186
182
173
168
162
162
164
172
177
168
130
162
179
180
144
150
144
149
162
126
151
136
147
149
142
148
133
163
131
134
126
138
132
145
128
150
150
122
133
129
111
151
126
135
116
118
126
123
107
135
114
126
121
126
127
114
110
114
126
127
118
129
132
113
122
139
122
117
116
112
122
132
129
112
118
98
119
103
122
113
106
105
121
113
96
116
111
123
105
86
125
103
105
108
126
118
119
102
96
108
111
96
119
112
129
113
114
107
116
110
85
107
110
111
100
109
91
106
123
131
95
94
103
102
103
102
87
106
114
103
99
101
92
96
114
110
98
93
91
94
100
91
98
92
107
99
113
96
101
97
99
103
97
106
117
105
88
95
82
86
96
106
100
100
97
87
100
94
80
83
112
95
86
95
117
81
114
88
106
81
110
80
97
87
102
84
100
94
106
105
106
90
104
85
98
79
78
106
76
107
102
89
74
115
98
93
82
120
94
85
93
104
105
90
92
103
110
75
100
86
94
107
97
87
93
95
103
97
96
101
87
83
99
112
82
89
87
92
72
84
101
91
93
107
92
91
101
102
79
99
102
85
90
89
91
82
94
82
84
101
91
82
88
98
94
95
86
70
88
91
90
88
89
88
92
78
85
92
87
107
87
67
77
94
88
81
92
95
99
98
84
94
67
83
77
96
108
86
87
93
94
94
88
92
85
94
81
100
93
76
95
92
81
92
94
87
80
94
83
83
96
89
82
85
88
94
92
111
76
91
89
88
90
81
73
79
66
95
83
67
78
96
103
69
88
88
83
81
78
71
76
70
90
99
70
92
102
85
104
85
86
83
84
86
84
79
87
83
81
92
75
73
73
80
78
83
86
106
86
82
91
79
83
79
73
96
77
98
77
76
88
84
96
79
81
90
109
75
86
85
91
78
83
78
86
63
100
83
101
64
77
98
77
89
69
89
76
86
65
75
89
65
96
73
74
80
66
68
84
84
85
73
84
88
78
69
88
72
79
86
78
80
92
86
83
81
89
78
84
86
70
71
64
60
85
89
93
77
84
70
89
77
91
94
84
90
78
83
92
83
95
79
95
67
80
76
73
91
80
73
76
81
80
63
77
79
84
81
93
80
72
86
77
96
71
79
77
71
86
70
77
85
68
91
78
88
63
88
99
71
70
75
89
68
72
85
68
75
93
88
90
82
86
81
68
82
65
70
102
72
88
83
86
69
84
89
80
86
93
82
65
61
77
78
70
72
75
98
83
61
82
74
91
61
73
63
80
79
88
82
86
73
61
84
83
83
78
65
78
71
76
76
77
77
96
76
63
79
85
89
14