239021
13113
7489
5092
4052
3365
2692
2560
2236
2019
1764
1626
1571
1422
1327
1321
1259
1224
1179
1093
1121
1043
1003
941
935
900
882
855
820
811
776
849
825
772
800
712
715
693
697
709
698
706
685
678
705
683
678
647
621
651
624
595
626
589
598
614
599
583
579
585
607
566
588
559
601
526
570
538
586
582
540
517
511
551
511
536
535
579
540
539
514
572
491
532
502
472
500
524
549
494
516
483
520
544
497
492
462
501
471
477
450
522
456
474
455
475
501
516
473
491
520
431
479
459
481
456
510
450
453
459
461
459
454
427
469
471
451
496
479
446
460
434
492
454
473
436
459
440
456
449
441
481
448
436
422
453
495
415
379
423
422
490
427
460
458
408
411
481
457
434
425
419
413
468
386
465
425
464
395
428
409
407
408
399
411
394
428
428
428
444
436
422
428
410
443
434
445
427
417
427
435
441
403
410
389
403
416
404
412
430
417
422
454
395
414
381
425
381
398
401
369
426
407
404
368
434
367
446
410
376
384
390
408
427
391
393
392
405
385
379
405
412
395
410
436
417
434
397
421
386
423
361
389
402
357
384
366
378
409
384
404
363
406
404
382
420
401
386
387
390
399
418
389
364
409
406
397
423
392
363
397
423
362
391
406
402
377
419
427
394
359
402
380
383
388
407
385
409
402
400
396
380
383
173