504570
25362
14781
10634
8348
7056
6133
5414
4934
4642
4254
3872
3871
3577
3340
3255
3236
2960
2934
2886
2832
2772
2544
2608
2547
2558
2460
2427
2352
2429
2294
2216
2244
2214
2182
2175
2160
2113
2113
2116
2033
1996
1956
2017
1874
1966
2057
1958
1913
1874
1960
1887
1952
1924
1868
1840
1870
1846
1827
1842
1811
1814
1787
1818
1802
1797
1761
1807
1685
1761
1696
1806
1812
1733
1725
1721
1688
1662
1780
1656
1739
1719
1644
1693
1682
1675
1661
1735
1651
1649
1669
1653
1669
1673
1700
1669
1629
1688
1673
1635
1595
1601
1649
1654
1654
1603
1614
1572
1614
1618
1540
1612
1639
1573
1602
1565
1570
1520
1583
1594
1597
1560
1622
1641
1577
1529
1528
1554
1508
1609
1544
1593
1611
1585
1497
1496
1522
1504
1532
1577
1485
1515
1579
1498
1563
1507
1541
1211