111701
6776
3871
2754
1981
1650
1361
1112
1047
936
840
780
760
651
648
577
515
530
510
495
431
391
398
351
373
380
358
361
348
349
296
300
306
280
323
283
274
308
241
302
257
260
258
267
267
220
232
253
249
243
224
217
211
211
205
210
230
190
233
199
200
213
187
200
206
193
211
204
199
194
186
177
188
176
191
170
163
172
140
189
166
171
177
168
168
170
158
143
163
157
143
168
172
151
160
180
158
144
154
164
155
140
148
133
167
146
142
127
166
152
163
137
145
135
138
130
147
142
123
159
146
148
139
127
112
127
140
133
140
138
112
130
146
141
142
114
135
141
144
110
121
117
119
133
151
137
146
118
136
121
123
115
126
119
141
120
133
125
122
143
140
129
127
116
106
128
129
112
126
125
99
126
111
98
128
133
128
145
134
131
135
125
129
93
132
139
110
110
117
106
123
124
114
115
113
101
95
98
119
117
114
117
107
111
104
91
110
108
109
105
94
129
114
104
90
107
102
134
113
129
116
101
118
111
119
113
111
106
118
113
104
125
138
122
106
103
101
120
118
113
106
103
95
97
101
116
105
98
96
104
117
113
105
105
83
101
95
107
123
111
116
121
106
120
112
110
103
108
114
125
108
108
111
107
98
101
117
109
116
97
87
88
118
116
100
108
94
129
104
99
91
102
106
124
113
100
100
106
110
98
111
96
93
127
98
89
103
120
118
114
99
96
114
93
97
114
122
116
107
118
110
110
108
115
116
99
92
107
98
81
91
110
125
99
107
117
88
118
111
97
109
98
100
101
107
108
87
96
85
103
104
103
114
97
79
107
104
87
94
96
102
105
109
109
129
83
110
93
90
100
109
100
103
114
110
97
92
109
104
109
94
96
97
97
104
94
81
90
131
92
110
96
103
88
90
91
99
112
102
85
100
120
87
96
93
104
96
108
90
110
105
100
101
102
90
109
103
90
92
84
101
80
98
112
100
98
101
106
104
109
86
92
111
85
96
103
91
97
102
119
106
107
92
93
76
118
89
110
107
96
94
95
95
104
104
100
89
69
89
94
94
92
93
95
99
106
100
94
100
114
95
104
103
100
88
112
88
80
83
106
93
84
88
92
100
95
92
95
100
99
113
88
105
106
95
117
85
89
103
79
92
120
101
87
90
90
105
100
107
91
87
85
96
106
105
103
90
86
108
98
99
105
77
71
108
94
89
97
87
83
101
91
89
107
82
107
89
83
95
87
93
90
89
77
99
99
91
90
83
99
94
99
90
98
106
84
94
94
85
105
95
97
99
95
106
92
83
94
105
83
70
89
92
95
96
100
88
91
94
92
96
107
110
98
85
108
87
94
58
99
102
83
113
77
101
100
90
96
97
57