52272
3609
2087
1407
1091
846
696
653
579
465
464
384
390
366
307
276
264
275
280
219
230
206
179
190
191
178
169
155
171
171
148
151
130
121
127
133
128
127
117
108
128
120
116
104
105
102
115
122
100
92
89
104
101
110
106
87
92
86
92
101
77
72
85
70
79
70
67
90
82
74
72
77
80
72
81
83
92
69
70
80
50
52
67
84
58
75
55
76
61
69
78
53
54
58
53
72
41
62
71
61
61
65
58
59
55
71
44
59
64
42
48
60
52
52
61
58
60
55
49
48
51
47
46
38
50
54
43
56
43
45
49
46
45
50
45
59
53
52
49
52
50
53
51
65
40
48
44
32
47
48
45
41
52
28
52
41
42
47
42
49
48
32
50
30
38
41
34
45
42
48
44
42
50
40
52
48
40
41
49
45
45
43
36
30
42
55
36
37
41
36
30
45
31
31
36
33
39
53
39
40
36
30
57
44
34
47
36
39
38
27
48
35
40
41
34
38
34
32
30
40
42
31
39
42
30
36
37
39
40
28
35
37
34
36
34
46
35
31
33
38
31
29
37
35
29
36
30
30
39
35
37
38
30
31
27
41
29
42
44
32
51
31
34
38
37
34
29
40
28
39
39
41
50
36
35
34
38
27
37
29
34
34
39
30
41
40
31
32
35
39
29
43
34
21
36
38
47
34
41
34
29
35
25
23
34
29
33
43
33
36
34
31
30
39
25
29
32
35
33
40
41
29
30
33
34
36
21
35
27
27
33
28
28
25
34
39
30
35
35
31
29
34
41
33
38
32
28
20
29
27
39
23
33
38
36
25
26
31
40
23
26
30
29
21
27
29
37
39
18
37
35
30
28
31
22
35
20
34
29
27
36
32
23
35
29
38
32
38
23
30
36
26
35
31
38
21
44
29
36
31
39
35
41
25
38
26
33
27
26
31
34
30
22
32
18
32
28
35
30
28
40
29
22
29
27
31
28
33
28
31
29
26
34
37
27
29
32
34
35
25
22
30
27
27
21
30
28
35
28
39
29
34
33
32
30
21
32
15
25
25
34
29
28
25
35
25
25
30
27
22
22
28
27
24
24
22
24
27
24
21
38
30
27
30
22
26
34
21
27
36
33
35
36
32
33
33
28
22
29
24
33
22
19
33
32
29
27
22
27
23
29
27
32
21
27
38
28
32
33
28
37
18
32
17
20
27
32
25
32
31
29
27
32
26
29
38
32
35
23
28
25
37
32
27
31
21
30
28
31
30
30
30
26
21
29
38
28
27
20
18
17
26
29
27
31
30
35
31
28
20
28
26
36
25
23
28
23
27
25
27
34
28
25
20
25
32
18
26
22
36
28
26
29
29
19
28
36
34
26
37
28
19
24
27
33
32
21
30
28
30
28
35
29
31
25
19
23
23
23
25
31
24
31
24
25
26
30
33
35
27
23
31
21
30
25
30
31
21
32
25
26
24
22
33
27
28
33
28
29
23
38
26
25
25
20
20
33
36
39
30
25
31
24
28
27
16
18
26
28
33
22
30
19
29
28
29
27
24
19
35
23
26
22
33
23
28
23
33
33
28
34
29
32
28
23
31
22
33
31
26
21
24
29
11
28
23
25
25
31
24
24
31
27
32
29
29
28
26
25
28
30
22
32
30
25
26
29
26
25
24
30
22
26
19
29
26
29
26
16
22
30
25
32
20
22
23
26
24
24
28
24
27
26
19
20
39
19
27
26
24
26
18
27
28
18
27
35
22
26
20
19
16
25
24
17
30
34
25
27
40
25
31
26
26
27
31
20
28
33
19
24
32
29
24
17
27
34
18
25
24
30
24
23
24
24
24
13
23
25
24
30
23
29
24
24
31
24
25
38
18
16
26
23
30
20
27
21
30
22
27
23
22
26
28
28
26
20
21
23
29
21
33
25
29
24
31
29
32
23
29
30
34
25
24
26
18
27
26
16
25
22
29
28
24
23
22
13
28
21
28
30
14
19
18
38
29
27
20
30
29
29
24
17
22
21
24
22
35
35
27
32
40
32
33
30
27
23
17
20
31
21
25
17
24
28
20
20
25
22
26
15
24
20
28
22
24
30
23
24
27
22
27
23
23
23
32
29
23
29
19
20
25
31
29
17
27
20
28
27
21
21
31
27
37
24
26
29
23
33
28
24
26
24
23
23
19
32
22
26
24
20
25
34
27
26
29
23
20
24
13
30
17
19
22
20
19
25
30
27
28
26
21
18
25
35
25
31
17
27
31
14
27
23
28
25
21
25
20
35
15
20
22
28
34
27
22
20
23
28
19
23
27
31
27
18
27
27
24
19
19
33
24
25
25
35
24
21
20
21
26
31
26
32
15
27
25
20
18
28
23
21
23
23
30
24
31
23
26
21
30
21
20
29
41
25
26
31
24
21
23
19
21
27
24
27
32
25
29
25
30
34
27
17
25
18
29
23
26
32
33
25
27
30
32
25
23
15
18
18
24
20
22
16
20
24
28
20
20
31
30
32
36
20
25
24
25
30
25
23
22
28
22
29
36
22
33
21
25
16
23
19
27
18
23
28
25
31
15
25
29
18
29
20
20
25
24
24
25
16
28
16
30
21
21
25
24
24
31
27
27
14
22
25
21
25
32
19
22
20
27
20
25
24