235701
13097
7314
5115
4012
3351
2779
2385
2150
1916
1722
1713
1454
1403
1335
1349
1245
1256
1047
1034
1063
966
932
961
962
895
847
849
796
838
831
812
742
760
728
757
671
734
707
703
645
652
681
640
629
659
613
627
604
606
586
581
604
578
618
609
580
571
582
554
584
610
566
577
538
538
552
600
504
588
494
485
524
540
533
502
555
537
506
514
491
543
523
526
499
495
472
535
487
500
499
452
508
529
462
509
491
479
506
475
446
490
489
495
450
450
440
437
463
438
455
474
433
482
486
448
510
475
433
415
427
465
448
432
479
429
446
439
474
420
485
459
447
487
445
443
432
423
388
458
416
426
432
446
404
443
448
428
411
462
419
380
430
425
436
442
357
410
419
399
410
438
429
449
427
441
426
450
426
436
428
433
409
414
379
431
401
404
420
433
406
424
405
447
405
434
375
420
422
415
351
419
396
422
384
404
397
375
401
379
431
406
408
391
425
382
416
413
354
396
424
423
404
393
385
423
401
408
399
428
377
376
395
382
395
395
426
387
408
358
371
390
411
374
369
361
355
414
391
381
382
383
354
400
365
395
424
383
424
409
405
423
390
393
395
370
412
380
397
365
378
356
374
380
409
412
363
406
356
379
376
360
377
411
394
368
374
362
380
393
370
395
387
371
348
402
395
381
328
386
376
358
393
392
384
370
397