112612
6961
4015
2699
2106
1630
1371
1173
1076
930
867
809
711
650
657
651
590
528
546
471
477
430
413
409
405
350
379
386
345
346
327
327
317
324
298
279
270
300
302
267
254
265
266
232
248
263
231
217
228
231
236
246
222
218
245
216
210
212
227
203
187
201
196
181
180
206
182
210
218
172
201
206
180
179
191
184
170
185
170
170
135
158
180
176
162
174
165
180
162
153
158
140
168
162
157
165
165
166
152
165
158
161
165
172
151
172
151
153
135
143
137
138
155
158
151
136
141
139
150
165
149
157
163
128
160
135
127
139
129
128
135
154
141
174
117
137
152
124
127
141
144
128
131
132
141
136
121
146
122
129
129
118
122
148
137
128
130
128
134
127
135
143
129
121
128
141
137
150
129
126
152
130
133
141
145
106
134
122
135
107
109
140
120
124
133
101
136
152
127
121
118
109
108
124
118
117
129
113
129
132
117
122
94
124
109
130
121
121
120
118
130
126
106
108
126
111
116
125
118
104
115
121
115
111
103
113
139
119
108
114
105
119
113
105
125
116
107
121
110
109
114
119
124
118
89
131
105
106
124
121
121
109
116
107
131
114
125
111
112
126
89
112
95
111
102
107
113
113
95
108
119
110
88
116
109
133
99
117
114
104
131
103
125
101
92
100
115
100
106
124
97
103
110
108
103
95
120
112
114
113
99
101
108
123
125
100
110
105
103
92
125
104
100
114
111
104
104
96
111
107
106
106
109
135
122
113
101
97
101
93
120
100
105
98
116
95
106
122
132
115
120
118
97
97
95
110
118
92
87
102
129
91
114
97
125
97
98
103
138
109
122
97
113
91
112
112
95
96
119
91
94
107
91
125
97
97
100
124
102
95
92
106
101
110
104
91
101
107
117
109
103
100
104
97
106
107
114
92
99
99
86
88
98
106
114
109
100
91
109
108
90
98
105
121
116
104
106
100
115
112
98
99
107
96
87
97
91
96
113
106
100
104
86
103
113
106
98
80
95
101
99
94
99
91
84
124
93
98
99
89
107
110
96
100
92
87
106
123
97
87
107
111
95
106
86
98
113
107
100
99
95
103
96
90
104
111
87
85
115
80
96
91
122
106
114
100
100
99
100
92
97
102
91
96
104
102
89
120
108
98
102
96
93
77
120
114
106
102
88
92
123
105
91
88
101
121
104
88
90
88
112
102
103
87
112
88
92
112
88
102
98
103
101
99
94
97
97
93
96
81
95
117
77
90
82
92
98
105
99
100
103
85
100
94
82
107
97
89
97
94
92
103
89
83
89
98
90
83
79
93
92
80
88
91
104
97
82
92
88
92
98
89
119
106
111
100
111
115
104
79