498611
24909
14191
10323
8296
6819
5916
5260
4868
4385
4150
3839
3553
3358
3291
3207
3167
2898
2853
2785
2787
2685
2503
2666
2523
2398
2410
2354
2388
2304
2301
2170
2246
2200
2146
2091
2072
2081
2024
2054
2096
1970
1950
1917
1976
1951
2015
1919
1863
1809
1878
1824
1811
1883
1847
1961
1796
1833
1757
1773
1823
1733
1734
1726
1738
1810
1756
1748
1710
1720
1753
1648
1680
1709
1652
1750
1675
1677
1688
1675
1642
1637
1609
1706
1636
1669
1645
1617
1533
1614
1578
1657
1648
1570
1622
1610
1567
1633
1576
1603
1611
1589
1553
1608
1594
1644
1552
1492
1587
1562
1523
1571
1529
1621
1548
1532
1601
1540
1605
1579
1500
1534
1545
1483
1534
1447
1500
1518
1493
1508
1590
1529
1524
1553
1486
1531
1484
1501
1538
1567
1414
1442
1503
1457
1560
1521
1479
1472
1488
826