501895
25082
14625
10431
8280
7026
5912
5353
4953
4527
4166
3897
3786
3528
3263
3302
3070
3011
2934
2776
2773
2722
2608
2494
2546
2547
2402
2342
2360
2353
2386
2347
2198
2294
2218
2246
2157
2218
2118
2105
2133
2039
2126
2097
1995
1977
1894
2090
2028
2054
2008
2001
1929
1941
1921
1912
1923
1847
1862
1852
1886
1888
1792
1872
1887
1827
1764
1798
1820
1762
1853
1808
1789
1794
1737
1752
1705
1760
1780
1825
1684
1782
1659
1721
1738
1686
1715
1655
1701
1755
1698
1702
1638
1682
1750
1676
1660
1672
1689
1591
1637
1747
1654
1755
1641
1691
1624
1651
1615
1640
1596
1591
1643
1644
1638
1719
1648
1604
1564
1594
1622
1680
1667
1612
1544
1658
1545
1566
1570
1525
1633
1582
1601
1595
1626
1551
1549
1645
1577
1557
1524
1537
1541
1554
642