52566
3618
2050
1388
1091
834
730
636
541
473
446
398
346
312
292
305
236
245
270
222
222
207
201
220
188
184
179
171
172
171
141
147
159
161
124
130
142
105
120
123
109
96
112
107
105
108
92
87
88
103
85
98
76
96
94
108
86
82
99
89
75
85
77
81
76
90
75
74
92
73
75
68
68
60
77
73
72
73
67
69
63
72
65
68
68
61
55
54
64
59
73
68
63
59
65
50
63
62
45
61
65
40
68
41
46
45
58
58
53
42
58
57
47
55
61
45
58
50
34
59
51
35
56
51
46
45
43
44
52
67
54
55
54
65
52
57
55
52
57
48
38
49
48
37
40
54
58
44
52
41
42
42
53
44
51
46
63
41
41
52
39
48
43
49
35
26
32
52
55
42
40
59
41
39
42
38
36
41
45
36
50
34
50
41
54
44
47
42
46
49
50
45
37
34
41
41
45
39
35
46
51
36
36
45
32
48
41
43
41
43
38
38
52
43
48
38
39
40
31
42
36
52
27
30
47
48
37
37
38
54
24
39
39
28
43
42
48
35
41
43
37
34
45
52
36
43
46
28
34
22
42
26
35
34
32
46
34
29
33
35
29
41
33
33
52
34
36
36
33
35
37
42
41
36
32
41
35
37
30
26
41
26
32
48
37
23
34
31
46
33
40
23
39
31
33
30
45
26
37
43
32
37
37
33
36
37
31
23
31
32
43
34
43
35
31
36
20
36
34
31
40
36
34
35
31
36
43
33
35
26
29
35
33
37
34
42
33
26
31
45
38
34
26
37
39
28
30
25
31
27
22
26
39
37
32
38
30
23
30
23
31
30
30
31
39
32
42
21
25
41
25
39
33
33
28
36
40
32
32
34
34
34
23
42
42
39
37
34
38
39
24
29
43
30
26
21
28
27
27
23
28
27
25
26
33
33
49
27
32
23
23
26
19
29
30
25
32
27
32
39
30
26
33
23
15
20
26
31
28
32
33
26
27
29
30
36
24
25
25
35
33
38
24
25
23
31
29
36
31
27
29
30
26
27
28
22
22
26
32
40
35
31
16
22
33
29
19
26
32
37
42
42
24
22
26
21
30
29
24
25
34
34
23
28
28
22
21
29
29
29
35
27
20
28
24
26
28
40
26
29
26
31
26
36
33
34
36
33
28
23
29
20
31
35
24
30
19
32
23
35
32
33
29
28
28
23
25
30
39
30
42
33
37
26
30
24
29
27
26
25
25
22
27
31
20
26
31
20
27
32
29
33
18
31
30
31
24
28
26
36
27
38
26
28
33
22
30
19
27
30
29
33
37
33
27
29
29
16
22
20
34
28
33
26
27
27
29
24
40
21
25
21
20
33
34
23
26
22
25
27
35
13
32
24
22
28
32
31
30
30
39
29
34
30
27
26
35
24
38
34
37
22
21
22
37
25
28
26
27
25
35
28
38
36
25
37
26
28
22
24
27
29
26
26
27
27
20
29
27
27
18
28
24
25
21
23
24
24
38
33
26
33
27
25
26
32
30
22
23
32
36
29
28
30
22
26
25
37
26
37
18
22
30
26
29
17
30
25
20
32
28
17
21
31
38
22
35
27
18
19
28
23
15
35
31
32
28
28
25
29
24
26
20
20
31
29
29
29
28
29
25
17
22
25
34
21
23
27
28
19
22
28
20
24
29
35
32
25
27
19
34
22
26
27
23
26
24
24
35
38
25
34
35
19
22
25
17
31
27
23
26
26
23
29
34
21
32
24
26
26
22
17
22
19
33
22
23
30
35
25
26
17
27
25
25
26
27
26
30
25
24
26
27
28
20
22
27
35
22
23
18
35
13
31
26
27
26
30
21
23
24
23
27
31
30
28
26
31
27
25
30
27
29
18
19
36
17
27
18
32
19
38
29
22
26
25
22
30
33
22
31
18
28
22
33
29
33
31
24
15
15
25
21
21
22
25
22
30
13
28
22
23
20
20
26
27
21
21
26
31
32
24
23
18
22
18
39
24
24
22
27
23
23
27
24
19
19
20
21
27
34
15
21
28
21
21
27
31
30
31
28
25
26
33
23
23
25
37
23
22
21
26
25
15
26
28
20
21
20
23
26
34
26
33
24
24
11
28
28
18
25
25
28
29
34
21
27
24
16
22
28
30
33
24
24
32
26
23
21
21
30
27
25
19
24
27
24
24
17
26
32
23
27
23
23
23
17
34
22
29
29
28
20
24
17
20
28
28
35
26
21
21
20
29
21
20
17
21
22
23
22
22
18
21
29
29
27
19
16
25
12
27
18
26
15
20
33
32
17
18
18
32
19
26
26
30
29
24
18
23
21
33
23
26
22
20
21
31
27
23
29
28
34
33
28
23
24
24
25
28
16
22
36
31
30
25
12
28
21
22
23
27
26
19
27
28
17
26
20
22
21
18
24
16
21
28
30
24
22
21
24
28
23
28
32
22
20
17
28
28
23
29
21
27
26
25
31
21
21
20
26
34
24
23
24
22
27
24
24
27
24
30
25
25
38
20
26
25
29
27
26
28
31
28
26
19
20
26
34
21
28
33
34
30
29
22
33
21
24
23
18
26
24
31
20
17
34
25
24
21
23
18
20
23
25
16
28
35
12
25
33
25
21
15
30
18
31
16
25
18
24
25
30
28
20
31
22
17
20
29
30
29
18
26