51709
3646
2058
1408
1053
883
736
643
523
483
440
392
356
357
304
277
269
251
258
211
204
206
209
193
199
191
174
163
173
149
134
137
131
163
132
138
127
135
123
132
117
133
103
98
97
93
96
96
80
94
101
99
118
89
106
78
90
84
90
85
78
84
78
73
101
68
68
78
68
70
74
64
61
77
78
53
68
61
77
71
68
73
70
61
73
53
58
63
54
63
61
62
59
71
61
61
54
57
63
58
66
54
60
58
63
45
70
56
58
49
52
56
47
53
52
40
46
53
54
49
51
55
35
40
51
41
44
63
55
48
60
48
38
47
49
41
33
56
49
36
40
45
50
50
33
46
41
36
53
52
63
45
49
45
49
57
43
38
49
44
42
31
44
42
49
45
45
45
29
41
53
50
37
33
43
33
39
41
33
36
40
37
54
49
40
42
47
38
46
33
46
34
33
41
31
42
49
41
30
40
30
54
42
42
32
41
34
34
38
34
44
41
38
45
34
32
34
26
43
37
41
49
25
42
47
40
45
31
27
33
42
36
40
24
39
41
45
36
41
24
34
29
42
47
33
44
33
50
32
38
32
42
41
37
28
31
26
35
35
43
34
29
34
21
28
24
41
31
34
31
36
46
39
30
34
26
27
32
23
31
37
29
35
32
44
31
35
27
24
37
23
34
28
42
35
30
30
33
35
23
37
36
27
37
35
34
27
33
28
39
22
21
34
48
27
35
26
24
28
33
33
31
36
34
36
38
37
30
33
24
29
31
33
22
23
23
29
27
33
26
28
37
23
32
38
26
32
29
31
27
21
41
32
36
32
29
25
28
26
33
24
19
32
33
23
33
29
26
22
38
26
34
32
26
36
26
31
28
33
32
27
26
30
38
34
26
33
39
28
36
26
30
34
26
27
27
31
34
35
30
34
24
34
30
40
34
33
32
32
33
22
29
34
27
23
26
26
27
28
35
26
28
39
28
38
33
31
30
21
13
34
36
33
29
26
24
19
32
39
34
27
29
31
39
35
29
30
32
22
24
31
24
30
41
29
20
27
21
33
22
36
31
28
44
26
36
16
27
42
26
30
36
36
30
20
20
24
27
20
32
29
30
29
27
27
32
27
31
26
34
21
33
31
25
19
18
23
19
24
37
22
23
27
32
33
31
28
30
20
21
30
24
22
22
27
23
32
32
24
36
23
21
28
17
29
34
20
33
31
40
25
32
33
32
24
29
29
31
31
31
33
28
29
31
33
24
29
28
27
45
31
23
26
28
25
20
28
33
29
36
25
21
24
27
32
22
26
32
22
26
30
25
28
27
36
23
32
27
27
30
27
22
26
26
29
26
30
22
28
33
22
27
31
31
21
27
32
23
24
29
25
30
28
22
28
18
16
33
26
19
35
21
26
28
21
23
29
23
30
31
27
23
20
24
29
19
37
25
31
23
28
22
26
28
24
25
35
19
28
24
19
23
31
17
22
27
20
34
24
25
29
20
30
36
26
33
20
24
25
23
34
26
27
28
20
31
30
26
21
32
30
28
30
24
20
25
25
26
25
22
30
24
23
26
31
30
16
24
34
18
26
22
27
23
31
29
35
19
26
25
25
20
21
24
19
25
23
25
32
32
25
21
31
31
23
25
23
21
24
33
27
27
37
28
21
27
22
30
24
20
24
28
25
38
20
23
25
24
22
26
25
24
26
21
27
23
35
24
31
29
23
31
23
28
26
26
21
25
20
30
28
27
32
23
18
26
25
22
24
31
31
28
22
27
25
33
29
30
28
13
28
23
30
24
15
28
21
18
25
29
29
14
21
16
31
34
34
27
32
22
27
21
26
30
21
27
27
23
28
34
22
29
26
20
18
16
25
19
23
32
19
22
29
24
30
26
21
31
32
28
21
23
29
23
20
18
27
23
20
26
23
27
30
20
24
27
29
36
24
31
24
20
28
24
25
19
21
30
24
25
23
21
45
18
16
19
25
18
29
16
28
27
29
24
25
20
25
24
25
15
26
30
31
24
27
25
24
23
22
22
33
20
17
30
20
24
27
27
26
26
29
25
21
22
17
17
22
21
29
21
20
21
19
33
18
28
22
21
22
23
23
23
22
22
22
26
27
20
19
35
31
27
35
15
25
19
18
25
26
27
28
22
25
27
21
24
13
16
21
21
24
25
20
22
15
23
29
15
20
28
30
25
25
25
31
23
29
26
20
25
31
25
19
28
30
19
19
25
25
24
17
32
18
27
25
21
27
29
16
19
20
20
17
24
29
29
26
17
31
29
30
21
24
23
16
21
23
23
17
15
27
18
31
16
32
20
21
22
27
18
23
22
25
27
23
23
23
20
16
18
23
21
21
23
20
29
21
26
21
30
27
29
22
21
26
30
33
29
15
15
22
26
26
25
28
28
19
25
28
22
21
22
21
19
24
26
21
22
23
27
21
23
21
22
16
25
20
16
18
28
25
28
28
27
19
20
21
21
20
31
24
24
20
10
30
16
23
37
28
22
29
18
26
17
25
23
16
19
23
23
19
19
32
23
24
30
24
24
32
25
21
23
23
29
26
20
28
23
22
20
20
21
27
24
14
18
29
27
27
29
26
13
29
22
30
20
22
24
35
33
23
30
27
23
23
23
19
26
23
22
16
26
21
25
17
23
26
21
24
26
19
19
19
18
20
21
29
18
32
28
21
24
23
28
22
27
18
34
26
23
22
32
27
26
22
3