237759
13229
7373
5204
3926
3266
2775
2504
2197
2063
1738
1716
1597
1459
1349
1337
1264
1205
1142
1093
1083
1014
982
978
964
922
872
856
878
844
774
850
742
762
778
726
707
742
738
688
651
645
654
641
686
702
674
611
679
605
654
631
654
622
611
620
598
612
554
623
599
595
588
580
553
564
556
616
589
548
569
556
551
547
564
503
525
542
501
492
522
522
500
478
501
485
524
540
528
496
481
493
515
514
488
513
499
477
514
508
507
499
465
487
443
496
510
507
497
447
466
483
459
461
446
444
440
459
451
441
482
470
453
461
459
468
450
490
463
462
410
428
464
476
448
405
420
432
452
456
434
439
473
423
440
449
463
415
437
423
459
430
407
424
416
477
426
427
459
441
437
413
455
462
388
429
487
428
408
402
443
425
453
445
448
420
419
470
431
459
421
423
424
431
421
409
419
404
409
439
418
405
422
441
436
440
393
416
406
395
408
404
407
400
417
416
404
413
420
380
418
389
406
402
428
421
407
441
441
405
422
409
426
409
400
377
412
392
409
391
415
416
429
401
403
379
390
408
428
425
383
410
389
419
418
384
381
368
386
387
398
397
408
408
376
368
392
407
401
396
398
407
420
392
417
372
381
403
413
414
370
369
351
412
378
409
423
406
434
395
426
405
396
390
412
408
374
354
434
37