111828
6821
3881
2714
2084
1628
1396
1154
1071
954
901
806
712
719
679
597
537
565
507
511
525
456
434
412
380
362
401
352
333
332
338
338
318
317
304
298
282
283
267
263
275
286
241
268
260
244
254
252
258
243
248
213
220
229
187
242
210
214
211
234
187
217
220
227
186
199
205
195
192
189
188
183
183
203
170
183
169
188
203
157
176
183
179
156
144
186
159
160
159
178
154
161
167
168
140
160
144
142
152
154
163
148
170
142
133
138
154
146
148
136
142
155
134
148
149
196
167
142
147
152
142
153
137
164
147
160
144
147
116
146
129
128
140
125
107
167
137
144
124
125
144
131
137
135
145
137
148
152
139
131
141
122
139
143
151
132
143
113
126
129
116
124
106
128
138
127
159
134
132
147
141
125
131
126
122
143
122
131
130
133
134
162
143
126
131
140
118
137
134
122
122
134
130
125
139
110
118
137
125
121
128
117
130
106
142
136
116
119
98
115
110
121
111
127
117
106
118
136
136
111
127
130
119
122
130
124
106
128
127
102
123
134
114
112
150
105
88
106
83
97
118
120
111
92
121
114
105
126
132
98
98
126
135
116
113
116
105
119
107
93
116
116
124
107
121
116
123
101
94
112
102
113
118
119
114
111
120
124
88
95
113
93
132
106
118
116
97
120
104
109
97
136
98
109
97
107
100
129
101
109
104
97
114
107
120
107
104
125
111
122
129
93
106
114
107
118
106
108
117
114
119
92
118
128
117
114
100
92
128
97
101
104
123
97
105
118
108
107
100
108
113
101
99
109
107
76
97
110
100
110
102
87
113
109
97
101
104
105
114
121
101
107
104
101
88
90
104
109
90
85
120
96
109
108
91
101
106
108
96
111
94
101
114
97
103
115
93
95
112
83
97
117
103
92
120
102
113
101
105
104
96
112
104
108
102
73
102
106
94
105
120
112
97
109
118
107
103
114
91
101
82
103
93
94
88
94
98
93
113
101
104
89
106
110
99
114
108
100
111
103
103
103
109
88
107
92
92
96
87
110
97
100
90
115
115
110
99
96
87
93
81
87
90
101
110
107
95
101
102
101
94
98
106
96
94
89
117
95
99
85
88
105
117
97
119
87
112
102
107
99
94
112
96
96
95
100
97
108
101
119
97
87
91
120
114
93
93
84
87
107
113
98
79
107
103
99
103
86
94
98
95
90
97
109
99
106
100
88
85
100
93
91
113
102
124
95
85
96
97
96
111
97
105
105
91
102
100
92
76
92
90
106
96
101
114
98
102
92
101
95
79
105
92
104
93
100
88
100
106
97
103
94
91
100
80
96
89
93
89
112
95
12