96530
6098
3584
2458
1958
1651
1398
1249
1183
1134
1010
877
901
823
814
741
739
737
632
649
625
626
568
630
550
538
555
539
542
526
532
535
513
518
501
477
461
475
446
452
429
457
430
464
459
459
461
435
409
437
443
461
450
438
420
400
405
373
417
424
390
444
415
425
387
378
416
400
404
371
369
425
389
396
358
374
368
364
376
402
350
372
377
380
415
407
371
389
364
400
354
386
370
337
385
374
356
347
360
341
381
314
380
336
327
388
341
339
338
399
369
359
349
331
353
355
382
327
301
315
361
369
392
348
377
324
321
329
333
327
359
356
324
359
358
364
366
383
358
335
329
314
367
318
323
349
333
371
339
355
341
353
352
335
354
369
336
330
314
356
343
339
357
281