90996
6271
3545
2484
1960
1557
1273
1161
1055
925
863
779
678
684
653
617
560
534
516
495
521
468
458
440
408
412
431
396
432
339
363
344
342
316
366
351
334
310
318
331
272
316
277
305
296
297
299
268
246
277
301
297
294
270
292
275
257
250
256
243
272
247
272
268
236
237
236
237
215
234
222
212
232
243
222
249
235
216
234
236
216
252
197
222
214
226
213
233
246
244
206
235
216
230
229
202
198
212
228
207
191
214
198
210
223
185
192
241
212
217
204
208
214
204
184
210
180
208
212
183
188
193
204
216
232
197
188
194
196
188
179
200
220
183
211
209
204
192
220
205
196
204
169
180
198
182
202
180
188
188
209
181
167
177
192
158
178
200
185
169
167
173
195
193
188
185
164
181
170
180
179
159
170
180
186
187
165
192
187
170
169
188
154
190
160
198
177
184
167
199
172
192
196
188
183
174
177
182
177
141
175
171
161
162
173
163
172
196
190
166
166
176
162
164
180
151
159
202
162
165
194
187
183
159
189
153
171
165
182
153
171
175
151
171
173
193
173
153
150
160
177
194
152
179
177
177
199
167
188
173
170
168
169
188
166
173
163
162
159
174
166
166
165
177
173
166
133
169
160
162
150
181
162
143
161
170
185
164
193
154
176
174
169
174
185
164
156
156
162
169
164
171
160
170
171
153
179
169
167
189
168
146
180
173
155
150
161
147
173
177
145
157
165
166
174
166
168
146
164
165
173
177
153
129
156
175
150
160
155
165
159
78