90169
6268
3547
2462
1940
1642
1258
1096
1010
935
849
773
736
694
654
594
549
531
608
503
494
421
475
442
404
412
401
385
342
379
369
389
366
313
369
330
319
319
325
310
296
326
316
311
293
286
268
303
260
292
269
298
238
278
267
286
260
291
248
266
265
269
273
249
255
263
228
278
255
229
251
259
256
230
231
212
217
209
235
193
239
250
223
215
201
217
229
203
207
222
203
214
215
219
233
221
218
194
214
221
222
210
213
243
175
217
210
180
196
186
193
197
193
212
218
193
219
198
214
194
180
200
207
205
209
185
217
188
211
197
158
190
191
196
186
187
194
215
210
165
157
192
213
182
164
201
211
196
176
180
174
192
186
180
192
184
191
186
184
212
165
171
186
155
179
173
197
178
170
182
162
171
186
165
162
181
194
163
193
185
193
193
184
200
185
162
215
171
200
173
170
169
182
188
174
185
191
194
173
185
170
180
153
171
176
178
181
182
164
151
174
178
159
172
192
181
176
180
170
187
180
190
156
186
170
171
176
160
185
163
168
178
190
179
154
164
185
145
179
155
165
162
194
181
175
158
171
179
171
182
150
157
155
201
166
176
164
170
161
176
145
169
158
197
164
192
157
157
169
183
164
161
184
161
172
155
177
165
178
163
172
154
165
143
165
143
147
176
166
159
149
156
165
173
164
154
164
163
139
150
165
170
146
142
171
163
152
166
174
164
153
171
142
176
157
181
160
155
166
158
182
184
170
147
154
159
172
164
158
136
151
149
114