85437
6585
3681
2561
2031
1578
1374
1205
1033
896
820
713
707
657
571
551
531
464
487
462
454
469
423
408
375
381
371
357
362
356
303
327
309
305
285
305
292
264
292
263
283
289
284
273
230
276
247
220
225
226
215
226
229
199
230
190
214
205
210
200
186
204
215
185
197
189
184
205
153
170
181
213
173
169
165
167
177
173
161
182
168
166
155
169
173
170
182
167
138
166
161
164
163
177
175
156
150
169
153
160
161
143
157
144
156
160
148
144
148
143
141
149
149
155
158
139
154
159
133
126
150
155
147
137
152
125
133
153
134
157
161
158
146
134
148
157
132
145
149
127
127
134
141
127
139
146
131
131
116
142
134
134
115
167
132
151
100
117
131
138
134
117
135
130
132
127
152
118
122
125
133
149
118
120
148
126
122
148
132
117
126
126
130
128
118
133
129
129
90
122
139
117
105
131
116
115
144
120
132
117
123
121
104
124
125
110
133
128
137
118
131
118
120
119
126
106
114
119
142
111
103
125
121
151
115
123
121
132
112
100
124
104
113
113
120
91
106
97
112
111
131
97
119
117
114
131
114
102
103
97
106
111
111
113
103
117
113
123
122
116
125
127
123
117
110
128
121
118
110
114
116
128
123
129
120
117
107
118
102
129
127
104
109
116
116
111
111
123
105
117
124
110
115
113
111
115
95
101
124
129
119
108
105
111
105
110
120
122
107
112
116
101
123
78
104
107
110
125
90
93
121
101
98
106
110
123
116
102
100
88
131
119
106
114
112
97
108
113
108
109
102
119
93
100
108
116
120
106
96
91
120
96
97
119
102
88
82
104
120
95
106
112
111
94
110
87
114
100
107
114
103
126
120
98
102
108
110
96
106
116
97
113
109
112
101
119
79
113
102
97
104
94
95
102
102
108
112
129
86
101
103
113
104
118
106
119
123
106
106
112
110
96
104
110
116
113
96
107
108
78
98
124
104
108
107
97
103
97
110
109
118
103
107
105
111
115
119
100
107
86
97
100
106
97
116
102
108
111
114
112
108
122
98
102
119
102
92
93
95
92
112
106
98
103
110
93
94
105
99
109
115
81
111
111
106
126
92
117
95
104
95
97
91
101
112
95
99
94
103
108
95
85
109
108
119
108
97
116
90
98
103
103
91
105
101
106
100
105
92
91
111
99
103
86
89
114
94
97
124
110
102
107
103
92
91
103
101
92
126
110
114
104
108
98
104
80
88
98
103
87
107
92
84
104
111
93
98
7