90116
6238
3545
2549
1974
1577
1294
1193
1130
939
893
803
777
739
616
599
508
573
536
549
514
466
459
441
451
407
459
395
405
379
405
404
379
370
317
347
341
352
334
314
287
309
346
302
306
314
283
311
293
250
275
278
296
265
253
261
270
284
241
248
239
287
260
265
271
239
232
267
237
255
248
222
239
240
245
232
214
212
249
259
214
226
223
263
199
196
219
220
220
241
241
240
203
219
219
237
237
219
213
229
205
187
211
227
230
185
189
233
221
203
223
217
248
217
190
224
206
214
210
229
192
202
199
211
202
194
203
224
179
215
186
191
191
231
203
221
180
193
181
195
217
195
202
179
203
176
197
206
196
201
199
198
207
185
159
178
190
186
198
208
201
201
208
207
158
194
172
190
169
181
209
178
197
206
190
175
200
213
212
183
205
205
180
210
173
202
184
179
188
193
168
182
183
174
169
148
169
179
176
176
183
195
173
192
161
169
166
171
175
185
181
175
194
176
165
183
159
166
175
208
192
183
195
202
198
176
178
171
182
175
162
167
162
192
163
146
176
189
167
189
162
156
182
183
158
158
198
180
175
171
166
169
180
155
182
196
187
191
178
156
179
187
163
184
178
177
179
164
146
174
211
185
185
177
178
159
176
173
169
170
166
175
165
184
184
175
173
149
178
159
157
164
172
167
166
172
158
164
177
168
170
169
162
150
190
165
166
154
151
183
151
188
157
182
156
141
184
173
154
150
157
182
163
170
164
174
160
173
13