84857
6534
3764
2523
1903
1578
1262
1109
1040
911
805
783
667
673
572
592
534
525
512
485
469
463
412
397
370
380
364
348
338
332
311
326
328
281
290
268
292
271
304
244
240
270
263
240
237
246
255
239
200
204
224
218
193
245
187
202
181
218
182
196
192
206
172
200
179
190
162
168
196
213
168
177
179
183
189
179
185
172
167
172
178
166
195
151
197
145
185
165
167
170
174
169
147
177
176
154
145
171
158
141
163
160
143
153
171
168
154
153
149
139
134
142
144
129
152
152
132
156
143
137
136
122
149
154
152
145
145
115
161
132
154
137
139
141
140
127
138
138
148
162
137
132
114
126
138
118
123
137
135
128
103
138
151
133
128
138
129
136
144
133
150
127
119
130
131
126
118
135
126
135
131
164
142
124
126
132
117
124
138
119
132
101
124
128
125
121
121
113
113
119
117
129
115
96
112
102
110
134
122
133
126
112
131
133
126
121
111
123
128
113
123
104
122
114
134
119
126
141
112
134
124
124
111
105
107
135
112
110
117
104
124
100
109
122
134
107
98
113
113
118
130
151
133
115
125
119
121
118
90
106
115
116
99
112
126
122
96
131
123
115
100
119
114
106
134
117
102
113
108
93
109
105
111
138
129
112
83
105
111
119
115
98
100
109
113
120
94
111
120
108
95
120
90
112
97
106
105
90
94
107
106
123
103
104
114
105
113
101
113
114
89
103
103
99
95
114
103
96
94
87
90
101
129
122
106
101
97
109
113
102
106
102
112
100
111
95
110
103
127
99
117
117
96
109
111
97
88
113
117
122
103
100
91
91
96
107
86
102
117
97
113
121
100
108
98
107
101
106
128
101
93
92
119
104
96
110
107
114
116
94
113
84
103
115
121
113
112
115
130
106
105
102
92
121
106
109
109
103
115
97
103
90
109
102
104
91
101
96
94
106
82
104
100
106
110
112
95
96
96
122
96
126
90
106
108
91
83
118
107
89
104
101
107
112
120
117
84
80
87
101
88
99
101
111
110
91
99
108
80
91
92
97
99
92
105
103
93
105
104
116
100
88
107
107
94
96
99
98
95
99
108
100
91
90
100
94
93
96
104
92
102
111
104
109
104
89
113
98
89
96
91
101
105
106
101
87
99
106
95
101
94
123
96
107
99
111
86
115
98
106
71
103
96
86
105
92
99
82
104
84
98
103
100
106
100
81
102
116
101
82
95
77
100
91
89
106
87
99
88
117
88
98
83
94
110
77
95
97
96
111
100
87
22