97366
6030
3410
2458
1868
1645
1388
1244
1081
1036
910
900
851
854
731
782
712
680
682
621
600
604
570
569
547
535
564
544
553
524
500
501
503
494
447
478
453
454
482
460
431
461
443
427
430
442
414
445
447
416
393
431
416
458
389
439
416
356
420
429
439
426
392
388
377
362
359
375
368
425
413
360
360
394
384
370
359
390
347
389
375
411
359
364
383
336
366
395
350
322
359
342
380
328
365
376
343
334
352
337
373
340
374
365
334
344
363
358
394
343
304
355
352
333
338
370
341
328
349
309
335
355
348
356
341
368
333
333
339
317
313
317
345
343
324
303
372
304
312
334
324
327
319
333
350
334
356
319
329
329
316
341
320
317
326
346
318
308
322
310
336
320
316
358
303
233