85914
6443
3644
2555
1972
1543
1302
1107
1067
889
770
718
728
649
642
606
526
483
485
433
433
438
392
392
378
378
378
333
338
316
312
303
345
304
295
300
311
258
238
237
236
246
255
268
254
248
274
222
215
245
212
211
193
214
230
215
201
221
206
211
216
182
202
199
187
191
189
213
196
179
178
183
183
171
177
180
176
183
171
176
170
150
168
150
168
158
146
167
149
152
182
144
176
173
146
177
167
168
165
166
147
169
150
157
140
167
131
163
147
180
183
160
145
137
138
137
155
142
157
148
147
153
123
165
113
156
117
139
142
135
138
128
148
153
128
132
122
112
128
160
137
124
128
140
138
134
137
125
138
122
134
120
119
134
137
128
137
134
142
124
137
128
131
130
136
144
118
108
118
123
140
119
114
134
108
131
145
134
121
120
148
133
111
114
116
123
132
128
116
137
123
122
119
125
122
116
133
123
124
118
119
121
123
116
117
114
117
120
116
114
120
117
109
112
109
105
122
119
110
112
134
132
113
122
126
109
101
135
113
135
121
126
124
93
107
117
115
115
101
109
107
132
120
109
122
95
117
106
117
114
109
96
112
108
109
116
97
114
110
104
122
113
115
121
114
119
105
104
130
103
119
109
89
107
104
117
121
110
123
125
95
121
103
121
121
117
105
128
117
122
114
131
125
100
103
115
107
78
108
119
98
112
112
105
116
88
96
129
103
104
112
112
115
113
132
100
109
124
125
104
99
98
113
106
120
112
103
104
104
101
119
87
101
116
108
104
107
92
113
112
112
126
101
103
98
87
107
115
91
119
118
108
109
102
117
123
98
83
108
82
97
116
99
83
118
87
103
118
91
99
105
99
87
113
108
103
107
107
114
111
108
114
108
89
85
107
97
89
100
91
84
116
107
103
91
112
101
93
111
119
109
112
127
99
118
95
86
99
106
112
101
104
106
104
93
95
113
97
86
100
92
107
93
100
99
85
102
102
82
91
98
87
94
105
111
107
107
92
96
109
113
109
107
109
94
95
96
77
89
103
96
107
101
108
95
100
87
114
116
111
95
109
97
104
90
90
92
103
92
97
102
83
104
96
89
89
116
115
93
105
89
102
91
86
109
95
99
100
85
87
104
97
104
91
91
107
97
97
117
96
107
105
80
113
99
98
105
95
114
97
101
96
87
95
100
107
107
93
87
104
87
88
94
100
108
99
99
103
77
96
91
104
114
95
112
96
92
76
102
102
110
106
100
79
97
101
114
102
93
89
103
14