96390
5954
3444
2414
2008
1640
1432
1222
1120
1022
951
851
853
782
767
750
724
707
646
650
631
655
588
560
555
555
536
514
503
530
503
503
488
472
507
456
479
478
487
452
450
433
437
456
459
461
432
422
401
451
433
415
390
433
419
408
391
425
384
407
404
418
405
443
395
381
355
403
359
371
355
366
345
389
362
351
384
351
373
363
382
395
373
399
377
381
364
380
361
356
394
368
350
357
373
340
370
353
366
345
368
381
334
342
374
369
329
317
352
347
336
325
374
325
350
346
317
333
319
334
323
339
340
343
342
363
356
359
332
337
342
330
347
324
342
350
323
358
309
321
315
340
324
318
309
333
326
319
332
328
281
343
324
345
316
341
348
329
325
332
325
329
346
324
342
225