1246
1267
1213
1240
1209
1224
1225
1211
1201
1192
1172
1217
1220
1217
1241
1242
1104
1212
1261
1198
1261
1239
1187
1240
1229
1289
1246
1208
1266
1267
1221
1241
1272
1253
1218
1176
1235
1152
1298
1209
1247
1274
1217
1235
1235
1220
1250
1194
1232
1171
1195
1216
1233
1160
1210
1242
1260
1182
1251
1164
1236
1286
1233
1244
1258
1233
1269
1182
1177
1215
1182
1206
1236
1273
1241
1225
1252
1254
1252
1197
1208
1175
1234
1246
1161
1205
1263
1290
1170
1258
1259
1293
1189
1186
1202
1182
1235
1226
1272
1253
1247
1258
1207
1170
1216
1202
1224
1296
1186
1267
1172
1218
1233
1145
1241
1205
1267
1210
1233
1202
1244
1252
1173
1198
1156
1173
1191
1197
1183
1268
1231
1207
1175
1167
1182
1192
1206
1196
1247
1247
1261
1224
1194
1183
1272
1211
1243
1250
1205
1251
1240
1212
1223
1169
1191
1191
1241
1205
1251
1271
1219
1285
1226
1219
1172
1288
1238
1196
1236
1192
1131
1225
1215
1229