111105
6871
3777
2628
2036
1692
1376
1178
1059
974
877
776
724
708
590
590
556
521
487
473
478
424
420
398
390
402
385
393
313
350
318
365
310
296
294
316
255
294
267
258
262
247
237
233
220
221
233
247
263
232
207
239
212
198
188
195
224
197
192
204
199
218
171
209
220
191
184
191
189
174
191
188
174
179
181
179
186
161
185
170
158
184
164
183
169
172
162
157
156
139
143
158
162
179
146
169
166
167
151
192
150
134
163
157
150
138
139
158
149
139
151
142
147
155
139
137
152
141
145
138
165
145
133
141
134
142
145
117
141
140
159
121
162
149
124
128
114
137
144
144
118
145
135
128
134
128
138
138
125
158
140
131
106
128
147
140
114
132
113
133
140
139
134
112
129
137
131
126
137
130
129
109
125
96
121
135
121
117
113
116
98
138
138
114
131
98
131
127
135
110
91
110
101
125
130
130
104
125
136
110
123
118
117
129
115
117
106
120
120
124
121
114
133
121
123
139
107
111
121
120
91
124
106
112
119
106
124
108
116
113
111
110
118
117
102
102
122
108
122
110
124
105
119
91
111
101
110
104
112
112
87
110
102
92
93
113
115
111
110
104
106
106
90
115
121
123
118
100
103
110
118
111
113
102
114
122
99
112
94
112
131
111
87
108
106
120
98
91
115
110
123
103
120
119
103
116
107
117
114
94
114
108
104
105
117
114
111
92
103
126
108
117
111
100
104
126
100
106
102
111
107
123
100
114
112
103
102
122
83
97
94
103
96
107
109
90
117
113
101
98
85
97
93
101
106
106
99
85
101
107
109
101
91
105
111
99
133
105
117
104
113
96
100
107
94
112
96
104
95
98
111
95
97
105
113
81
92
97
92
104
93
92
92
103
97
107
92
84
108
91
103
129
106
104
90
98
93
100
97
117
80
93
82
94
98
95
85
105
110
93
90
101
96
99
112
95
98
99
89
121
106
104
94
92
87
114
103
91
107
87
111
94
101
82
100
79
99
108
84
84
78
104
103
83
100
86
111
103
109
70
95
82
90
105
83
92
85
84
105
114
91
94
100
99
104
96
110
86
93
103
77
97
92
110
90
106
100
90
81
96
95
92
107
86
101
83
95
111
89
98
88
90
109
90
96
97
93
92
97
84
99
102
82
85
95
108
96
95
89
89
95
106
81
93
96
94
92
112
103
100
123
102
94
88
87
103
65
84
93
91
102
95
96
94
87
98
111
104
89
74
87
101
93
86
103
79
92
100
97
117
97
93
94
94
88
90
104
77
87
105
92
103
95
83
92
85
82
93
80
97
91
81
96
80
101
102
88
98
101
100
94
103
95
107
87
71
94
87
102
87
79
103
78
101
110
86
101
88
86
5