1225
1154
1178
1171
1147
1162
1177
1215
1237
1180
1192
1187
1215
1180
1182
1203
1152
1169
1200
1117
1161
1140
1150
1157
1193
1208
1200
1162
1241
1149
1192
1194
1186
1228
1174
1220
1214
1182
1194
1118
1225
1186
1149
1200
1174
1222
1168
1174
1180
1194
1162
1114
1219
1126
1146
1208
1212
1174
1154
1219
1219
1064
1238
1209
1134
1163
1148
1180
1191
1167
1209
1196
1173
1196
1207
1159
1191
1181
1162
1157
1179
1189
1231
1159
1195
1160
1135
1173
1190
1188
1197
1161
1141
1186
1146
1148
1163
1122
1184
1219
1147
1128
1153
1157
1203
1145
1187
1200
1191
1159
1180
1162
1208
1188
1144
1142
1195
1215
1212
1139
1174
1237
1121
1207
1220
1183
1177
1182
1208
1214
1226
1226
1139
1205
1135
1192
1191
1157
1172
1123
1251
1153
1170
1184
1150
1160
1151
1179
1136
1238
1156
1167
1178
1159
1153
1172
1180
1159
1263
1185
1210
1213
1217
1169
1194
1139
1168
1140
1205
1155
1181
1147
1136
1186
1176
1185
1156
1155
1172