1221
1145
1218
1173
1225
1150
1211
1260
1223
1188
1180
1243
1186
1201
1174
1194
1184
1180
1279
1183
1247
1220
1243
1199
1275
1227
1172
1177
1209
1171
1209
1256
1157
1215
1200
1162
1213
1223
1194
1152
1194
1194
1227
1243
1206
1175
1192
1195
1235
1226
1162
1203
1208
1218
1269
1184
1264
1161
1211
1225
1168
1248
1118
1196
1242
1152
1237
1199
1233
1160
1240
1145
1192
1194
1281
1205
1235
1245
1216
1225
1159
1231
1177
1222
1216
1231
1228
1222
1241
1280
1218
1281
1199
1193
1242
1221
1238
1231
1226
1199
1235
1200
1211
1228
1229
1210
1188
1184
1235
1198
1190
1270
1167
1185
1154
1168
1271
1209
1287
1200
1190
1224
1195
1205
1172
1256
1243
1203
1224
1201
1206
1196
1281
1203
1228
1151
1225
1226
1221
1224
1165
1190
1174
1222
1250
1214
1180
1193
1251
1205
1143
1166
1194
1225
1210
1172
1191
1241
1204
1205
1224
1098
1222
1218
1164
1254
1278
1189
1226
1262
1195
1197
1148
1160
1186
1223
1241