111947
6938
3940
2659
2061
1622
1351
1239
1023
925
898
795
758
647
678
611
566
527
480
438
445
448
456
418
386
417
370
381
350
375
325
340
330
336
332
276
269
267
288
265
283
249
291
261
230
237
230
258
253
257
222
237
222
230
213
223
199
229
173
211
202
188
211
170
226
172
182
203
194
178
184
192
191
183
182
175
177
185
184
188
175
168
177
164
168
156
163
178
169
166
187
157
152
164
165
174
178
152
159
160
151
175
158
168
141
163
157
121
138
174
158
156
152
137
146
147
130
145
142
124
156
121
151
149
124
155
151
141
165
118
131
143
130
134
126
129
139
145
149
127
154
137
146
134
132
131
111
147
121
136
119
113
133
137
131
134
137
144
126
149
135
114
133
146
141
145
137
152
115
135
118
138
126
115
110
144
134
117
140
115
124
119
139
131
133
134
117
115
132
128
109
147
128
109
137
124
122
128
133
108
125
117
130
131
131
114
115
132
108
101
107
121
147
111
125
118
129
119
134
105
116
101
119
115
115
126
106
114
106
122
126
110
111
121
128
113
108
124
127
126
132
120
117
117
125
117
103
110
125
121
118
114
106
118
117
108
118
127
112
118
113
107
108
101
93
112
129
104
124
110
114
90
106
116
93
93
110
101
99
105
124
115
103
116
112
131
111
101
94
95
102
89
115
94
106
105
91
115
107
106
124
103
110
117
104
88
108
112
124
111
102
90
109
139
126
111
118
93
110
77
103
115
117
119
105
112
108
110
128
94
118
97
95
123
97
114
115
127
96
118
107
112
114
101
104
116
104
120
120
112
92
113
95
104
105
111
108
109
111
104
113
91
105
114
103
119
106
103
100
113
103
89
117
89
90
113
89
109
110
94
106
105
113
104
96
105
103
107
88
118
109
96
121
114
88
115
111
113
87
111
94
132
123
96
110
113
98
114
109
93
114
111
81
84
90
91
85
88
95
115
99
95
100
83
88
102
94
109
105
124
83
98
97
109
102
100
103
104
119
97
102
113
86
89
104
111
108
100
101
109
121
84
92
112
111
98
104
104
96
92
95
104
103
104
119
110
107
98
86
98
106
97
109
99
121
95
80
113
114
95
100
97
95
105
103
107
104
97
92
96
116
98
97
111
105
98
93
107
97
97
94
115
94
95
107
106
104
103
101
104
128
98
78
117
98
96
87
112
117
93
107
102
96
96
105
89
103
106
100
101
105
104
102
80
103
93
93
107
91
95
93
88
96
87
94
83
113
92
112
105
106
93
110
109
91
93
105
113
95
89
112
85
99
95
97
98
99
79
98
91
103
104
90
87
79
97
96
93
91
35