112137
7084
3792
2749
1995
1647
1431
1227
1093
924
848
795
726
652
646
587
547
551
513
493
488
403
448
444
395
401
356
379
380
360
323
321
326
313
282
288
301
296
285
272
274
280
288
258
232
214
232
237
247
238
199
236
256
233
215
230
224
227
214
206
184
180
181
211
240
197
187
176
215
179
186
191
184
175
197
188
173
185
169
163
174
170
172
189
178
186
163
188
179
149
156
160
167
125
148
155
170
177
158
171
173
149
162
146
162
141
166
169
154
148
165
163
161
165
146
159
169
130
132
150
158
142
163
145
125
173
157
145
151
141
136
138
133
151
127
136
139
122
121
135
166
143
116
129
140
155
129
140
156
161
130
127
137
139
122
142
139
129
142
112
130
114
122
145
132
119
143
139
120
139
129
131
123
116
111
131
129
135
122
113
143
122
124
135
126
133
137
137
111
141
128
125
119
103
119
129
122
129
123
122
113
112
127
118
109
118
101
126
129
141
119
134
134
130
111
136
117
131
118
108
118
100
125
113
126
107
128
130
131
116
106
143
128
132
120
113
128
125
120
99
104
139
132
117
105
130
126
121
125
107
113
112
113
113
122
118
103
114
138
118
115
115
121
117
138
119
116
119
115
125
103
114
134
114
102
130
107
118
98
108
106
109
114
96
99
123
96
109
126
100
124
108
101
123
99
117
127
96
81
109
106
96
113
114
116
125
110
122
115
110
110
99
99
97
95
94
96
87
91
108
98
125
111
109
110
99
105
105
105
101
123
107
85
101
118
99
111
112
103
113
106
125
99
115
104
110
98
104
111
115
117
131
95
94
90
116
105
106
118
104
101
123
104
89
111
98
108
87
101
106
98
100
105
100
93
100
105
92
117
78
113
111
102
99
103
102
109
102
137
98
104
103
97
106
87
126
96
98
118
94
111
110
108
102
101
95
88
105
117
101
116
102
99
103
113
116
105
97
102
105
115
96
89
102
95
102
96
74
115
101
106
87
93
99
105
110
101
113
93
96
102
108
87
91
98
95
106
86
102
105
99
97
97
92
106
99
91
110
108
106
85
120
86
101
100
103
104
108
103
107
84
98
106
98
96
91
94
89
106
93
95
109
112
91
98
106
89
86
92
100
105
112
112
91
109
88
108
103
111
108
99
96
94
107
106
86
102
108
77
108
110
97
85
126
88
89
107
99
89
93
97
93
112
116
82
89
114
103
100
88
89
100
104
104
94
89
99
105
99
96
100
99
93
111
87
96
85
102
94
77
116
106
109
92
99
103
96
95
101
106
105
87
90
101
101
107
112
83
100
91
93
100
81
110
102
81
103
106
99
99
115
98
100
96
88
91
44