1021
989
1002
976
931
1011
1015
1000
971
961
1022
949
1008
926
893
959
910
964
1000
946
988
956
982
979
988
988
963
961
990
1006
989
1001
954
925
1014
968
1025
970
983
1032
946
993
953
1006
957
969
1010
976
972
931
1018
1004
1062
944
977
972
986
930
971
973
980
971
977
961
960
928
966
966
993
942
980
1055
1015
1016
933
980
1045
937
976
940
967
1032
982
1003
959
980
1019
977
1020
1001
982
968
974
984
997
981
1022
968
939
970
1002
1032
1012
1010
988
968
990
1012
923
1013
1017
936
1017
949
1020
1035
933
890
977
976
963
977
984
981
1004
987
1014
979
977
986
949
971
964
990
938
953
1047
938
979
979
1023
962
997
996
1046
994
950
982
956
969
985
989
972
973
926
989
956
942
998
1017
986
983
959
988
1001
1029
935
978
994
943
915
1004
1002
1040
966
1009
966
972
975
974
984
935
1010
1002
940
997
978
996
975
1003
973
1038
939
1035