1022
997
1007
1013
1001
1011
980
1015
931
1008
1006
947
1007
973
1047
969
1012
1007
977
996
946
1000
1003
976
970
963
988
969
1005
1019
1018
997
983
1046
954
1067
996
990
1007
1054
1007
1051
994
953
1047
1025
1006
989
975
1014
1003
941
968
1027
1036
1021
947
1013
971
998
1003
968
953
994
1017
993
992
1013
970
987
1012
1040
983
1014
1045
1046
975
1005
1040
1045
1063
921
1019
979
989
1001
983
948
997
981
911
969
1025
1007
1008
981
1023
946
934
1014
1025
995
1044
1041
1016
951
986
997
993
1054
994
1026
1001
1041
966
960
1011
1003
1024
997
954
976
1018
993
1001
978
984
1002
970
958
1003
951
1017
1021
1004
978
990
982
973
951
990
1024
1077
1036
965
964
1009
1055
965
1004
972
1049
1014
1058
1035
1058
957
1067
1016
986
1012
1025
963
1024
919
981
987
937
986
1001
1009
977
1001
1037
1033
992
993
946
971
1033
970
941
988
972
1073
1006
988
990
974
1008
1002
1009
983