92787
6724
3680
2635
1941
1624
1339
1129
1009
933
846
775
666
658
619
590
555
495
518
470
456
449
428
413
404
351
330
338
366
377
306
303
319
290
301
297
299
293
288
239
262
241
233
235
242
264
211
229
233
225
234
206
252
242
207
217
176
220
181
204
207
184
213
205
176
203
193
173
179
199
207
165
177
174
200
190
157
182
158
200
199
173
173
156
165
168
172
170
158
167
143
169
148
142
181
171
152
162
149
131
152
153
159
159
159
159
154
148
151
142
135
158
160
127
168
139
137
132
126
169
145
151
132
141
151
146
130
141
142
135
99
143
125
122
121
140
119
130
141
118
120
131
132
136
121
119
124
111
133
161
113
133
140
124
142
135
107
124
140
128
118
133
113
121
112
122
139
132
126
111
125
119
108
145
113
106
112
125
125
138
130
130
121
125
117
123
117
119
112
104
106
115
111
107
131
122
107
122
126
130
105
111
119
109
119
102
116
120
113
114
116
119
107
98
124
111
121
131
137
118
126
125
115
118
118
114
112
120
112
118
131
120
117
117
104
107
106
100
137
110
102
108
121
115
118
91
121
127
119
124
99
96
111
103
96
90
119
134
81
110
116
104
110
107
109
120
121
123
101
108
119
118
136
121
122
119
102
105
95
106
121
116
87
112
104
92
105
110
109
111
103
118
116
105
123
104
106
118
100
92
107
110
99
88
105
95
99
141
106
91
123
98
105
104
106
97
102
124
118
122
107
87
111
113
127
111
97
94
103
108
118
101
114
81
98
110
92
112
112
108
104
113
109
104
112
98
96
92
100
104
128
97
104
91
95
101
110
106
104
113
100
91
104
88
130
122
88
94
116
106
112
91
108
94
102
100
95
98
102
84
100
93
100
84
96
106
90
86
97
125
91
100
94
97
118
87
97
96
104
98
85
103
98
113
100
115
97
95
112
103
126
105
114
102
103
67
90
110
104
102
111
110
100
81
111
115
108
90
88
93
96
108
90
97
100
91
78
104
101
96
97
106
93
100
92
96
89
107
89
97
70
83
100
101
97
85
98
96
71
83
84
77
94
91
99
99
97
85
93
90
87
93
90
102
105
80
115
90
93
98
96
92
99
93
105
114
90
87
101
100
89
98
98
79
90
95
95
93
82
78
99
87
103
119
99
113
99
88
97
99
97
94
98
104
87
91
76
79
95
104
97
88
82
108
84
85
102
88
93
93
100
82
78
121
98
83
112
92
93
95
100
77
82
81
107
96
98
91
79
80
99
85
82
79
86
96
106
90
76
91
73
92
83
103
102
115
96
99
93
94
86
84
99
84
100
95
104
84
91
76
107
100
87
99
84
76
97
98
79
107
98
95
87
100
91
93
91
53