1001
964
964
980
948
933
981
1024
974
1018
985
990
919
970
1007
971
1001
1014
977
1014
1027
977
984
946
960
1016
941
956
961
969
988
980
1015
1041
964
990
957
1001
1001
970
976
1017
914
1002
925
1004
931
986
1018
980
973
985
1025
960
996
932
943
978
995
931
1022
920
980
971
983
983
976
966
1024
989
958
980
1035
952
947
1013
922
944
1039
973
961
956
979
925
939
991
995
989
1000
1027
940
1060
1028
946
1001
1021
1024
979
1061
932
1004
945
982
952
969
994
944
981
993
1018
978
964
1068
985
1005
969
1047
1014
1045
959
951
984
952
941
987
1054
959
1009
959
1021
974
997
980
989
953
957
927
962
974
1012
983
1023
983
983
957
979
1012
962
1002
1012
1001
1000
957
1006
1004
955
916
973
994
1011
965
992
1036
982
988
962
937
977
1072
970
986
938
1022
967
996
981
979
1051
958
969
973
1005
1014
1019
1008
992
948
1022
931
937
991
1022
964
945
966