140352
9606
4713
2938
2305
1656
1342
1150
957
809
747
652
528
502
472
404
367
391
363
315
289
288
275
292
247
232
228
223
216
192
181
175
162
165
141
132
142
129
136
115
123
106
106
120
128
122
104
124
90
92
80
89
83
82
102
69
74
89
87
86
87
86
87
63
79
69
74
80
74
56
39
69
70
65
69
65
58
43
45
57
56
51
47
57
49
58
53
50
40
46
51
41
37
46
32
48
45
34
36
46
48
46
41
42
33
35
43
38
34
39
27
30
48
36
39
28
33
39
31
33
37
30
38
28
31
24
31
42
24
18
34
30
30
29
24
25
31
23
21
22
21
16
24
21
20
23
22
20
35
24
16
17
16
23
29
18
24
30
24
12
18
26
23
23
18
20
18
13
23
17
20
27
17
15
10
20
20
20
22
16
21
14
22
18
8
16
19
18
25
14
17
19
22
17
16
17
15
16
13
14
17
13
16
15
19
17
12
13
16
14
13
16
18
15
17
21
18
19
18
16
13
16
17
17
15
10
18
14
23
19
12
11
11
18
11
13
10
10
16
10
18
9
16
7
11
12
13
12
13
11
17
6
8
10
15
10
18
17
13
8
15
8
10
4
13
10
13
19
7
10
15
13
12
7
9
10
14
13
14
7
14
13
12
7
15
12
11
11
12
18
10
16
13
12
11
10
4
7
11
15
7
7
7
9
15
9
9
10
11
15
8
9
8
13
10
13
8
11
11
9
19
14
10
6
10
4
14
12
10
7
6
14
5
9
7
5
11
7
11
14
9
9
4
7
11
7
6
9
10
7
9
9
10
5
5
11
10
13
7
5
11
11
10
11
4
10
6
16
6
5
10
5
6
8
5
9
7
10
7
11
4
6
1
11
12
3
6
7
5
3
7
7
9
5
2
7
9
9
10
7
4
9
2
7
11
8
8
9
2
9
7
7
11
15
1
11
7
6
3
10
8
5
11
5
7
8
6
8
4
8
10
6
6
7
7
4
4
2
11
10
6
6
2
5
8
4
10
9
6
5
12
9
7
6
8
1
5
8
6
4
5
7
8
4
5
8
5
7
4
4
1
8
12
8
9
4
11
4
6
5
3
6
4
6
5
2
6
6
6
5
4
6
9
8
10
10
2
5
9
4
6
4
5
10
5
6
7
5
7
6
4
5
4
4
8
8
6
6
3
6
10
5
3
10
8
4
4
7
10
5
2
5
5
8
4
5
6
6
9
4
3
7
2
2
1
4
3
3
9
1
2
7
10
9
1
4
5
7
5
15
7
5
3
5
4
5
7
11
6
8
6
1
4
6
6
2
3
6
4
2
7
5
3
4
7
3
6
4
5
3
5
5
2
3
3
3
3
4
2
3
3
4
1
3
5
4
10
4
2
9
4
3
2
6
4
3
4
3
4
4
2
5
2
3
5
2
1
3
5
4
4
7
8
3
3
4
2
5
3
3
4
3
6
6
4
3
2
8
4
5
8
5
3
3
2
5
4
5
6
2
1
5
8
5
5
8
4
2
3
4
2
0
7
8
6
7
8
5
4
3
5
3
4
5
4
6
3
5
1
1
7
0
7
6
3
3
0
4
3
5
10
5
2
2
7
4
4
3
2
3
4
4
4
4
4
3
6
5
4
6
6
5
4
4
3
3
9
11
5
3
6
5
5
6
3
6
0
0
7
6
4
6
2
2
4
3
6
11
2
5
1
4
3
3
5
4
2
1
5
3
1
3
3
3
2
3
1
4
2
3
2
5
1
1
4
1
6
8
2
0
4
2
7
3
5
5
1
5
6
6
2
1
3
2
3
4
6
4
3
3
3
5
5
2
3
0
3
1
2
3
3
1
8
7
4
4
0
0
2
2
7
2
6
3
1
2
4
3
3
5
4
5
3
4
4
2
5
4
5
5
4
3
1
3
3
6
2
3
3
3
5
3
4
3
6
1
3
2
4
3
7
4
3
4
3
5
2
4
3
3
4
4
3
4
4
3
1
0
1
3
3
3
3
1
2
0
1
2
0
3
4
3
3
3
4
4
2
4
5
3
3
0
3
2
4
9
2
1
2
3
3
6
1
3
1
1
5
3
3
5
3
2
2
4
2
3
4
2
4
4
4
1
4
4
7
7
5
4
2
3
2
2
7
3
4
0
1
3
6
1
2
1
8
3
4
1
4
3
2
2
3
3
4
1
7
4
8
3
5
5
3
2
1
0
1
7
4
3
1
3
1
3
2
2
2
2
1
1
6
4
5
2
4
2
2
2
1
2
2
2
2
3
5
5
3
2
4
4
2
2
3
2
2
1
7
2
3
6
6
4
2
4
4
6
2
2
3
2
4
2
2
3
3
3
2
2
2
6
3
2
2
3
2
4
4
1
4
3
3
1
4
6
4
1
4
3
3
5
3
2
8
2
1
0
1
2
5
2
3
3
2
1
1
1
1
1
5
4
4
0
2
6
1
3
4
2
3
1
0
2
2
0
3
3
1
3
2
2
1
0
2
2
4
4
3
2
0
3
2
3
1
1
3
4
2
2
2
0
2
3
1
3
3
0
4
2
2
3
4
1
1
2
2
1
2
3
2
3
4
0
3
6
3
2
3
1
3
0
3
2
4
5
2
2
4
4
3
3
4
6
3
3
5
2
4
6
1
1
3
1
9
4
4
3
3
2
1
5
2
4
1
1
3
5
2
3
2
1
6
2
2
0
0
4
3
2
2
2
3
2
4
1
1
1
3
0
2
2
2
4
3
0
4
0
3
1
1
3
4
2
4
3
1
2
1
2
0
2
1
2
1
4
7
2
3
2
1
2
4
3
2
1
3
2
2
0
2
1
3
2
4
1
2
1
3
4
2
4
0
4
2
2
3
1
2
1
3
1
1
2
2
2
2
1
3
3
2
4
1
3
2
2
3
2
2
1
1
3
3
0
2
2
8
2
5
3
3
4
1
1
3
4
3
1
1
1
2
3
3
2
0
4
1
1
1
1
2
2
1
4
0
0
1
4
3
2
4
0
3
5
3
1
2
1
3
1
2
1
1
1
4
4
3
3
3
3
2
5
2
1
2
1
1
2
4
0
1
2
2
1
1
1
1
0
1
2
3
2
2
2
0
2
3
1
0
1
4
3
0
2
1
4
2
0
2
2
7
3
1
2
4
5
2
2
1
0
0
5
3
0
0
2
0
1
3
0
2
1
4
2
1
1
3
2
0
2
1
0
5
3
1
2
2
3
2
2
2
3
4
2
2
1
2
1
6
1
1
1
0
4
0
2
1
1
3
1
0
2
3
1
3
1
5
2
4
0
3
1
2
5
1
1
0
2
1
2
1
3
1
3
1
3
0
1
3
1
3
1
4
1
3
1
2
3
2
0
2
5
1
2
2
2
1
2
4
0
1
2
4
2
6
1
2
1
6
3
5
1
0
5
3
3
2
2
1
1
1
2
5
1
1
3
3
0
2
0
1
2
1
8
2
2
4
1
2
2
1
2
1
1
1
2
1
0
2
1
2
2
2
1
1
1
3
1
3
3
2
2
7
3
1
0
1
3
3
1
3
2
4
0
2
5
3
1
3
0
3
2
2
2
4
1
0
2
3
0
1
2
2
3
0
2
2
2
3
2
2
3
2
0
2
4
3
1
2
3
3
4
2
4
1
0
1
2
0
1
3
1
2
1
1
4
0
2
1
0
0
0
3
0
0
1
4
2
4
2
2
0
1
1
2
0
1
3
1
5
1
2
1
1
1
1
4
1
0
5
2
2
4
2
2
3
0
2
2
2
3
3
2
2
2
1
1
4
3
5
1
2
3
2
3
2
0
3
2
3
2
1
2
1
1
3
1
2
2
0
4
2
1
0
2
1
2
1
1
0
1
5
0
1
3
3
0
1
2
1
3
0
1
0
0
2
3
0
2
1
2
3
1
3
1
7
1
0
2
5
0
3
2
1
2
0
1
2
0
0
1
3
0
0
3
0
3
1
5
0
0
0
1
4
2
1
1
4
0
5
2
1
1
1
1
3
2
1
2
3
0
2
3
1
1
2
2
5
1
0
1
2
1
3
2
2
1
1
0
3
0
4
2
1
5
2
2
0
3
2
2
0
2
1
3
3
2
4
1
2
2
2
2
2
2
4
0
0
1
2
3
3
1
0
1
3
1
2
0
3
1
2
1
1
2
1
0
0
1
0
1
1
4
1
1
3
2
1
2
0
4
3
0
3
1
0
1
4
1
1
1
2
2
1
1
0
3
0
2
1
1
3
2
0
1
1
0
4
1
1
1
2
1
2
3
2
0
3
4
4
2
4
3
1
0
0
1
3
1
1
2
2
0
4
0
2
3
1
2
1
2
2
1
0
0
3
1
3
0
2
2
3
1
1
1
3
4
1
1
2
2
0
4
4
1
2
0
1
2
2
2
3
1
1
2
3
0
1
1
2
0
4
0
2
2
1
2
1
1
2
0
2
0
1
0
2
2
4
1
4
1
1
1
1
1
1
2
4
2
3
5
0
2
0
2
0
0
1
3
2
2
1
2
0
5
0
1
0
0
0
3
2
2
4
2
2
0
3
3
1
2
1
1
1
1
1
2
0
0
4
1
3
0
3
1
1
4
2
2
2
1
0
2
3
1
2
4
1
5
3
0
1
2
1
0
1
2
2
0
0
0
1
0
0
0
1
1
0
0
3
1
2
1
4
3
0
3
2
0
0
0
3
2
3
3
1
2
1
2
1
1
2
2
0
1
2
1
0
2
3
0
1
3
2
1
2
0
3
0
3
0
1
2
1
2
3
1
0
1
2
0
1
1
0
2
3
0
4
2
1
0
1
3
2
2
1
2
1
1
1
4
1
0
1
2
0
1
1
3
1
1
1
0
2
1
1
1
1
0
0
2
2
2
1
1
2
2
0
0
1
0
1
5
4
1
1
1
1
1
0
2
3
1
1
1
1
2
1
2
1
1
0
2
3
2
2
1
1
1
1
0
1
0
0
2
1
1
1
1
2
1
1
1
0
3
0
1
1
1
1
0
1
1
1
1
0
2
2
2
2
0
1
2
0
2
0
2
2
1
1
1
2
3
3
3
1
1
1
1
0
0
0
2
2
3
0
0
2
3
3
3
1
1
1
2
1
2
1
1
0
0
3
3
1
1
1
1
1
3
0
2
2
1
3
2
2
0
2
1
0
2
1
2
1
1
1
1
0
0
1
1
0
2
4
1
1
1
2
0
0
0
3
1
2
2
2
1
3
3
0
1
2
2
0
1
0
2
2
0
2
0
1
2
2
1
2
0
1
1
2
2
5
0
2
1
0
2
2
2
0
3
1
1
0
1
2
0
1
1
0
3
0
2
0
1
3
0
2
1
0
0
3
1
1
2
0
2
1
0
1
2
2
0
2
2
3
1
1
1
2
3
2
2
4
0
2
2
1
2
1
2
0
3
3
1
4
2
2
1
1
0
1
2
2
1
0
0
2
2
1
0
0
1
1
0
1
2
1
1
5
1
3
0
2
1
0
0
0
3
0
1
1
4
0
2
3
1
0
1
2
0
0
0
3
3
1
1
0
0
0
1
1
1
0
2
2
1
1
0
0
0
3
1
3
2
0
1
0
4
1
0
1
3
2
0
1
3
1
2
0
0
2
2
0
1
4
1
1
4
0
3
2
2
0
1
1
2
2
3
2
2
0
1
4
0
4
2
1
1
0
2
2
3
1
1
0
2
1
1
2
0
0
2
0
1
1
3
0
1
1
2
2
1
0
1
2
3
2
3
3
1
1
5
1
3
0
1
2
1
1
4
2
3
4
2
2
1
0
1
0
1
0
4
6
2
0
0
0
1
1
0
2
0
1
1
0
1
1
2
2
1
2
2
0
0
1
1
1
0
1
2
0
1
0
1
2
2
2
0
1
0
1
2
0
2
1
0
1
4
2
1
2
4
2
0
0
2
0
1
0
2
1
2
3
1
1
0
1
0
1
1
2
1
2
1
1
3
1
4
0
0
1
1
0
0
1
4
2
2
0
0
1
2
2
1
2
0
2
0
3
2
1
2
1
1
2
1
2
3
1
0
0
1
3
0
4
0
0
0
0
1
1
1
3
3
0
0
0
0
1
3
1
4
0
3
1
0
4
1
2
3
2
2
2
1
2
0
1
1
1
1
1
0
1
0
1
2
2
1
4
1
2
1
1
0
0
1
0
0
1
1
0
0
1
2
0
0
2
3
1
1
1
1
1
0
3
1
2
1
1
0
1
1
2
0
0
2
1
0
1
0
2
2
2
0
3
2
0
1
1
0
2
0
1
0
1
0
0
2
0
0
2
1
1
0
1
0
0
1
2
1
3
3
3
1
1
1
1
0
2
0
0
1
4
1
3
2
3
1
1
2
2
0
2
0
1
2
2
2
0
0
0
0
1
0
0
0
2
1
1
4
2
4
1
2
1
0
0
3
2
1
0
3
0
1
1
3
0
1
2
2
3
1
2
4
0
3
1
1
1
2
0
1
3
1
2
3
1
3
0
0
0
1
1
2
2
1
2
1
2
2
1
1
2
2
3
2
4
1
3
1
0
0
1
3
1
3
3
1
2
0
2
0
1
2
1
1
1
2
0
1
1
0
0
1
1
1
1
2
2
0
0
1
2
1
2
2
3
1
0
0
0
2
1
2
1
0
0
2
0
0
1
2
2
0
1
1
3
3
3
0
3
1
0
2
3
0
4
0
2
3
2
0
1
1
0
0
0
0
2
0
2
2
3
2
3
1
1
2
0
0
0
0
1
1
1
0
1
1
1
0
0
3
0
1
3
1
1
1
2
0
2
1
2
1
1
1
0
1
2
1
1
1
1
1
2
0
0
2
3
0
1
0
1
1
4
2
0
5
2
1
2
4
1
2
3
2
1
1
2
1
0
0
3
2
3
0
0
1
2
0
0
0
1
2
0
0
1
1
0
0
1
1
2
1
1
0
0
1
2
0
0
1
0
0
0
0
0
0
1
1
1
1
1
0
1
2
1
0
1
1
1
1
1
2
0
1
1
1
3
5
0
0
0
2
1
0
2
2
1
0
1
2
0
1
0
1
2
1
1
2
0
0
0
1
0
1
2
1
2
0
1
1
1
2
1
1
0
1
1
2
1
0
0
1
4
1
1
2
1
2
2
2
2
0
1
3
0
1
2
1
0
1
0
0
3
1
2
0
0
0
5
0
2
1
2
3
2
1
0
1
1
1
0
0
0
1
2
1
1
0
0
1
3
1
0
3
3
1
1
0
1
0
2
2
0
1
1
1
2
0
0
2
1
2
0
1
1
1
2
2
1
0
1
2
0
3
0
3
2
4
3
2
0
2
1
2
0
2
0
1
2
1
0
0
4
0
1
0
2
0
0
1
1
1
0
1
1
3
2
2
0
1
0
1
0
0
4
1
0
2
1
0
3
0
1
0
0
2
1
1
0
1
1
2
2
1
0
0
0
1
0
3
2
1
1
0
0
0
1
2
0
1
2
1
3
1
0
1
0
3
1
2
3
1
2
4
0
2
1
4
0
0
1
2
0
1
1
2
0
2
2
2
1
0
0
4
1
1
1
1
1
0
1
2
4
2
2
0
1
0
2
0
0
2
0
3
0
0
0
2
1
1
2
0
1
1
2
0
0
1
2
3
2
1
0
2
0
4
1
2
0
3
2
1
2
4
2
1
2
0
1
0
0
1
2
2
2
1
0
0
2
1
1
1
2
0
1
0
1
2
2
2
1
0
0
1
0
0
1
1
1
3
0
2
1
0
1
1
0
0
1
0
0
1
1
1
0
2
2
2
1
0
3
0
2
1
0
3
1
0
2
1
0
2
2
5
0
0
2
2
0
0
3
3
3
0
1
1
2
0
1
0
1
1
3
0
0
0
1
4
2
0
1
1
1
1
0
0
2
0
1
1
2
0
2
1
2
0
0
5
0
0
1
3
0
2
2
0
2
0
1
0
1
2
1
3
1
3
1
1
0
3
1
1
0
1
0
2
0
1
0
2
2
2
1
0
1
0
1
1
0
0
0
2
2
0
2
1
2
1
0
0
3
1
1
2
1
0
2
1
1
0
4
1
1
1
0
1
0
2
0
1
1
3
1
2
1
1
0
0
1
1
0
3
0
1
0
0
0
1
0
0
0
1
0
2
3
0
2
0
0
1
0
1
2
3
1
1
2
1
2
1
2
1
2
3
1
0
1
2
1
3
1
1
1
0
0
1
2
1
2
0
1
0
1
2
3
3
2
1
0
0
0
4
3
2
0
1
1
0
2
0
2
0
0
1
1
1
3
0
1
0
0
1
0
1
1
2
1
0
0
2
0
1
1
0
2
2
0
1
1
2
1
0
0
0
0
2
0
2
1
1
0
0
3
0
1
2
1
2
2
1
1
2
2
2
1
0
0
0
0
0
1
1
2
1
0
0
2
3
2
1
2
3
2
1
1
1
1
0
3
0
1
3
2
1
1
0
1
3
1
0
2
2
1
1
0
1
1
0
0
0
1
2
1
3
0
0
1
1
1
0
2
2
0
0
2
2
1
2
1
1
0
1
1
2
0
0
2
0
2
0
2
0
2
1
1
0
0
1
0
0
0
0
0
1
1
2
0
0
0
1
1
1
1
0
1
0
2
0
1
0
1
3
4
0
0
0
1
0
3
0
1
0
1
1
0
1
0
1
2
1
0
1
1
0
1
2
0
0
1
0
2
0
0
0
1
1
0
0
1
0
0
0
2
2
0
2
2
1
0
3
0
1
2
0
2
2
3
0
0
0
2
0
0
0
2
0
0
2
0
1
2
2
1
1
0
0
0
2
1
1
1
0
0
1
0
3
2
2
0
3
0
2
0
2
0
0
1
2
0
1
0
1
0
0
1
1
0
1
0
1
1
0
0
2
0
0
1
1
3
1
0
0
1
0
0
0
2
3
0
0
0
3
0
0
1
1
3
0
1
0
1
1
1
0
2
2
1
3
0
0
0
0
0
1
2
2
0
1
2
2
0
2
3
1
2
2
2
1
0
0
4
1
1
1
1
1
2
3
0
0
1
0
1
1
1
0
2
0
3
1
0
1
1
1
1
0
1
1
0
2
0
0
0
1
1
1
0
0
0
1
2
0
1
2
1
3
2
0
0
1
0
1
0
1
2
1
1
1
2
2
2
1
2
1
3
0
0
2
2
1
0
1
0
4
3
1
0
0
1
0
0
1
3
0
1
0
2
2
1
0
1
2
1
1
2
0
2
1
2
0
0
1
1
2
1
1
4
1
2
2
0
1
1
0
1
1
0
0
2
1
1
1
0
1
1
0
0
2
1
1
2
2
2
1
2
1
2
2
1
3
0
0
1
1
0
0
0
0
0
1
2
2
1
2
1
0
1
0
0
3
1
0
0
0
1
1
0
1
1
3
0
0
0
3
0
1
2
0
3
1
0
0
1
2
1
0
0
0
0
0
3
1
2
5
4
1
0
2
0
2
1
0
1
0
4
1
1
0
0
1
1
2
0
0
1
0
1
1
0
1
0
0
0
0
1
2
0
1
1
2
0
1
2
0
1
3
1
0
3
5
3
1
0
3
1
1
1
2
1
2
3
2
1
1
1
1
1
1
0
0
2
3
2
1
0
2
3
3
2
1
1
0
0
0
0
0
0
3
0
3
1
2
1
2
1
1
0
0
1
1
1
1
0
1
1
2
1
1
3
1
0
2
2
0
2
1
1
1
1
2
0
1
0
2
0
1
0
0
1
1
2
1
1
0
0
1
1
1
1
3
0
0
1
0
0
2
0
1
1
0
0
2
0
1
3
0
1
1
0
0
2
2
1
0
2
0
1
2
0
0
0
0
0
0
0
1
0
1
1
0
0
0
2
1
1
0
0
2
2
1
1
1
1
0
3
1
2
1
1
1
0
2
1
0
2
1
0
1
0
2
1
1
5
2
2
3
1
2
2
1
1
1
4
1
0
0
1
1
1
3
2
1
0
1
0
2
2
1
0
1
1
2
0
2
1
1
1
0
1
0
1
0
3
1
1
2
0
1
1
2
2
3
1
0
1
2
1
2
0
1
0
2
1
0
2
1
2
0
2
3
0
2
1
0
1
1
0
1
2
1
1
4
3
1
0
1
1
1
1
1
1
2
1
2
0
0
0
1
0
1
0
0
0
1
3
0
2
0
1
2
0
0
2
0
0
0
1
1
1
0
5
4
1
1
3
1
1
3
0
0
3
0
1
4
1
0
2
0
3
2
0
0
2
0
1
1
2
1
0
2
3
2
0
2
1
1
1
0
1
0
1
2
1
1
0
1
1
2
2
1
0
3
1
2
1
0
1
0
0
0
1
1
0
0
2
1
0
0
2
0
0
1
1
1
1
1
1
0
1
3
1
0
3
0
2
0
2
2
3
0
0
2
0
0
1
0
0
1
0
2
1
2
2
1
2
0
0
2
3
1
1
3
1
2
2
1
2
1
1
2
2
1
1
1
0
0
2
0
0
1
1
1
2
2
1
0
2
1
1
3
0
2
3
2
0
0
0
1
1
1
1
1
0
1
1
1
0
2
1
0
4
0
0
0
0
0
0
0
0
1
0
3
2
3
2
2
2
1
0
0
5
3
0
0
2
0
2
0
2
0
0
1
1
0
0
1
0
2
1
1
3
0
0
1
0
1
1
2
1
1
1
1
1
0
0
2
1
1
3
3
0
1
4
0
1
0
0
0
0
0
0
1
1
1
0
0
0
1
0
1
3
0
0
1
0
2
1
1
0
1
0
0
1
1
1
1
1
0
0
1
2
0
1
0
0
1
0
1
0
0
2
3
2
2
1
3
0
1
1
0
2
1
2
0
2
2
0
0
3
1
1
3
4
1
0
1
0
0
0
0
1
0
0
0
3
0
0
2
1
0
1
0
1
1
2
1
0
3
1
1
0
2
0
0
2
1
2
0
0
1
0
1
0
0
1
1
0
0
0
1
0
0
1
1
0
0
0
1
0
0
0
0
3
0
0
0
0
0
1
2
0
1
0
0
1
0
0
1
4
3
2
1
1
0
1
1
1
0
3
0
1
1
2
0
0
0
2
0
1
1
1
1
0
2
0
1
0
1
0
5
0
2
1
0
2
0
3
2
2
1
2
1
1
0
1
1
1
1
1
1
1
0
0
1
1
2
1
0
1
1
0
2
0
0
0
0
2
1
0
1
1
0
0
0
2
1
1
1
1
1
2
2
2
1
0
0
2
4
1
3
0
1
1
5
0
1
1
1
1
0
0
0
0
2
1
2
0
0
1
2
2
1
2
2
0
1
1
2
3
1
0
1
0
1
0
0
1
4
1
1
1
1
0
0
1
0
1
1
1
0
0
2
1
1
1
0
0
0
0
1
1
2
3
0
0
2
1
2
2
0
1
1
1
1
1
3
0
1
0
0
0
1
3
2
0
1
1
2
2
0
0
1
1
0
0
0
2
1
2
0
1
0
1
1
0
2
1
0
0
0
1
0
2
1
1
1
0
0
0
2
1
1
1
2
0
2
1
0
1
2
0
0
0
3
0
0
0
0
1
0
0
1
1
1
0
0
2
0
1
0
0
1
0
1
1
2
0
0
1
1
2
2
0
0
0
2
0
1
0
1
1
0
2
1
0
0
2
2
1
1
0
0
2
1
3
2
1
0
1
0
3
0
1
0
2
0
2
1
2
1
1
1
1
0
2
0
0
0
1
1
2
0
2
2
3
0
1
2
2
0
1
0
1
2
2
0
0
2
0
1
0
0
3
2
0
1
0
1
1
0
2
2
1
1
2
0
1
0
1
0
2
2
1
1
0
0
1
1
1
0
0
2
2
1
0
2