142068
9300
4734
2884
2181
1621
1435
1122
968
775
727
612
614
530
481
456
409
359
306
319
325
268
250
251
206
236
222
194
212
222
161
162
185
157
155
156
132
146
121
124
144
114
131
114
109
100
91
118
92
83
83
109
69
91
94
88
93
81
71
78
92
80
64
64
89
70
62
68
59
55
64
58
59
42
52
53
58
51
61
47
49
52
34
46
44
47
39
51
40
42
46
36
43
55
46
37
51
51
34
33
45
36
42
34
44
45
35
29
28
34
29
27
40
27
26
38
30
41
21
35
35
36
30
28
30
30
28
38
32
24
24
31
33
30
29
32
26
33
21
22
16
31
28
23
25
20
26
20
29
20
23
13
22
24
21
27
25
24
26
20
13
15
13
23
20
19
27
13
18
22
15
20
27
20
30
18
22
21
21
16
15
16
16
18
19
11
29
15
17
16
22
16
15
15
16
17
17
19
14
11
15
12
15
14
18
15
9
22
14
17
10
21
20
13
17
19
8
14
16
16
15
16
17
10
13
19
13
19
18
14
14
21
19
19
16
8
24
14
8
17
15
8
17
8
8
12
15
17
12
12
14
14
13
17
8
13
16
9
9
14
14
10
12
10
8
7
11
17
8
10
13
11
16
17
19
14
12
4
12
10
10
6
10
12
5
14
10
8
10
8
8
8
9
5
11
10
14
9
10
11
10
13
11
5
11
12
7
11
9
7
8
10
9
12
6
10
5
11
7
14
8
13
14
5
14
13
12
7
4
10
7
6
8
13
7
5
9
7
10
15
6
9
9
18
14
14
6
10
6
6
7
10
7
5
11
7
7
8
8
4
9
10
5
11
6
11
6
9
10
11
8
7
9
16
10
6
5
8
7
5
9
10
5
6
8
5
9
12
10
1
5
8
6
6
9
5
8
7
6
5
5
3
8
8
6
8
7
6
8
9
11
7
6
6
6
9
6
6
3
7
7
2
11
3
5
7
3
7
5
5
6
3
7
3
8
3
6
9
5
7
8
5
5
10
11
5
4
4
1
4
9
8
6
6
7
8
4
9
6
5
3
9
11
7
11
6
9
5
6
5
5
6
7
8
9
9
5
5
8
11
4
4
11
3
6
4
4
3
7
3
3
5
5
4
5
3
6
5
6
5
7
4
5
6
8
5
5
7
8
6
7
4
4
5
4
5
7
6
6
6
5
4
1
6
7
3
7
6
3
2
4
4
6
8
5
9
3
4
5
3
5
5
5
8
6
7
6
6
9
4
5
5
5
5
4
6
2
2
5
6
3
2
9
6
5
6
6
4
6
3
6
9
7
8
1
5
2
2
7
3
5
4
1
6
7
2
6
3
3
8
9
9
2
6
3
5
8
4
4
4
4
4
4
4
3
3
1
5
3
7
1
4
5
5
4
5
4
4
3
3
8
7
8
4
7
4
4
3
4
5
5
2
2
4
7
2
4
4
8
5
5
5
3
5
3
8
4
8
4
3
2
2
8
2
5
4
1
5
8
4
7
4
5
3
1
4
2
3
5
5
6
4
4
2
4
2
2
6
3
2
3
3
6
4
6
5
6
3
3
1
4
4
4
9
6
3
4
4
5
5
6
8
2
5
5
5
2
7
3
6
5
6
2
6
3
3
2
0
5
1
8
6
2
3
1
2
0
2
6
4
4
3
2
6
3
1
5
3
4
3
3
6
1
6
7
4
5
7
0
2
2
7
3
1
9
3
7
5
4
5
3
4
5
3
4
3
4
3
7
6
3
4
2
2
4
3
1
4
2
4
2
4
2
3
4
5
4
3
1
3
4
8
3
1
5
1
4
2
5
2
3
6
2
2
3
1
0
3
2
3
7
3
1
3
4
0
2
4
2
3
1
4
3
4
2
5
2
0
3
4
4
3
5
0
2
6
5
3
3
5
4
2
4
2
1
3
3
1
0
2
2
5
3
5
2
3
3
2
3
4
6
5
0
3
3
2
7
1
3
1
4
1
0
5
4
0
2
3
1
3
2
5
3
2
5
5
1
2
2
5
4
0
5
2
1
2
4
3
0
3
1
1
3
1
2
5
3
5
5
5
2
4
5
1
4
1
1
2
1
3
3
2
3
2
4
1
1
4
6
2
2
4
6
3
1
3
3
2
2
1
6
3
2
1
1
3
2
1
3
1
3
2
1
4
4
3
0
3
2
5
1
2
4
1
1
6
4
3
3
3
2
2
2
3
3
4
3
5
4
5
4
1
1
1
0
2
2
6
2
2
4
2
2
0
6
3
1
4
1
1
2
1
3
2
1
2
2
1
1
2
3
1
1
6
3
4
5
3
2
2
5
3
5
1
3
3
3
1
2
4
3
2
4
5
1
3
3
2
2
3
6
3
2
2
2
6
0
3
4
0
1
4
5
2
1
3
4
2
0
1
5
2
4
1
3
6
1
3
5
1
3
3
0
1
2
1
1
4
0
1
1
4
2
2
4
3
2
3
2
4
1
1
3
3
3
3
3
1
0
4
2
2
6
4
2
2
3
1
2
3
2
1
0
4
2
4
1
4
0
3
0
0
3
1
4
0
2
3
0
1
6
2
4
5
2
3
1
2
2
3
1
2
0
3
4
0
1
2
0
3
3
1
3
1
3
2
1
3
4
0
1
4
2
3
4
2
4
4
1
4
2
2
2
0
2
5
3
3
4
2
4
3
2
2
1
1
2
3
4
1
7
4
2
3
3
3
0
2
1
2
2
1
4
0
5
1
0
3
1
3
0
2
4
3
3
1
2
3
3
2
2
6
4
1
1
2
0
2
2
4
2
1
4
0
2
0
0
1
4
3
5
3
1
2
0
3
3
3
4
6
1
2
2
1
2
2
4
5
1
0
2
3
3
1
2
2
2
2
3
3
3
3
2
1
3
2
3
0
3
1
4
1
3
1
3
3
0
1
1
3
2
1
3
1
3
2
1
2
0
3
1
0
2
2
3
2
2
2
3
2
3
3
3
1
4
3
0
2
2
3
1
5
1
1
0
2
1
3
1
5
2
0
5
1
1
3
5
7
8
6
2
6
2
3
1
0
0
0
3
2
2
3
3
0
1
1
3
1
1
2
2
1
5
3
2
1
5
3
3
0
0
3
2
1
1
2
1
4
1
1
2
3
2
3
2
3
0
2
0
0
0
2
4
2
2
5
4
4
4
4
2
1
1
2
0
3
0
2
3
2
0
3
2
0
4
2
2
2
1
4
3
5
1
1
1
0
1
2
1
3
1
3
1
2
5
1
1
2
1
3
4
3
2
2
1
2
0
2
2
2
4
0
5
3
3
0
3
3
4
1
1
4
1
1
3
3
2
2
1
2
1
2
4
3
1
1
3
3
1
3
1
1
1
1
1
1
1
3
5
0
1
3
0
3
2
3
3
2
2
1
1
0
0
0
1
1
3
1
1
1
0
4
0
3
1
0
1
3
1
4
0
3
3
1
2
2
0
2
0
2
2
0
1
3
1
3
0
0
1
2
0
0
2
2
1
1
1
1
4
2
2
2
2
0
1
3
1
0
0
4
1
3
1
0
1
1
1
2
2
2
2
2
1
5
1
1
2
1
1
1
0
1
2
2
2
2
2
0
1
1
2
3
3
1
0
1
0
0
1
1
1
5
1
2
0
2
4
1
3
4
3
3
0
2
1
1
0
1
5
1
5
2
0
1
0
2
2
0
5
1
2
5
0
1
2
1
0
4
1
2
1
5
1
1
4
3
1
0
3
2
0
3
1
1
3
4
0
0
0
1
0
4
1
2
1
3
1
2
0
0
0
3
1
3
3
2
2
3
2
2
0
5
2
3
3
3
2
0
2
1
2
2
3
1
2
3
2
1
2
1
3
0
2
3
2
4
3
4
2
0
2
0
1
2
4
1
3
3
3
2
3
2
2
1
0
0
3
1
1
0
3
0
1
3
2
3
4
2
1
1
2
1
2
1
0
4
1
0
3
2
0
1
0
3
1
3
2
5
0
2
1
1
2
4
2
2
1
4
1
2
0
0
0
2
1
2
3
1
1
0
1
2
2
3
0
0
1
0
0
3
2
1
2
1
3
1
0
1
2
3
1
4
0
1
2
3
1
0
5
3
6
3
0
0
1
1
3
1
2
2
0
2
2
0
2
3
1
3
4
4
2
1
2
2
1
1
0
1
1
2
2
0
3
3
1
1
5
1
0
3
2
0
0
4
3
0
3
1
2
0
1
3
1
0
3
1
2
2
2
3
3
1
4
0
0
1
1
3
1
2
3
2
2
6
3
3
5
2
1
1
1
0
1
1
1
3
1
1
1
4
2
1
2
2
2
1
1
1
0
1
0
1
3
2
4
2
2
0
2
1
1
0
1
2
0
0
2
2
3
2
3
1
2
3
3
1
1
2
1
1
0
1
0
0
2
3
1
1
0
3
1
1
0
0
0
0
1
1
2
0
2
0
2
4
3
1
1
1
1
3
0
1
3
1
0
3
0
1
2
2
3
0
1
1
1
2
0
0
3
2
1
3
1
0
1
2
2
0
1
1
1
4
1
2
2
2
0
2
0
1
4
1
0
4
0
4
3
2
0
3
0
0
0
0
1
1
0
1
2
1
1
2
2
3
3
0
2
3
1
0
3
2
2
2
1
1
1
1
2
4
1
1
2
3
0
1
2
0
1
1
2
1
0
3
1
0
3
0
2
2
0
3
0
1
1
2
1
1
1
1
0
2
0
2
0
1
3
1
1
2
0
2
0
1
1
1
2
2
1
1
0
1
1
0
2
3
3
1
0
1
0
1
1
1
3
5
1
3
0
2
1
1
1
1
1
1
2
1
1
4
1
2
2
1
2
1
2
2
0
2
3
0
3
1
1
2
2
1
3
1
1
2
2
1
0
0
1
4
1
0
2
1
1
2
2
0
0
1
2
1
3
3
2
3
1
0
1
2
1
1
6
2
3
1
5
3
3
2
2
0
3
1
0
3
1
1
3
1
2
3
2
1
2
0
2
1
0
1
2
3
3
2
1
2
2
2
1
0
3
3
1
3
2
2
1
0
2
1
3
3
4
1
1
1
1
1
1
3
2
2
2
4
1
3
4
1
1
0
4
1
2
0
1
1
1
0
1
0
1
1
2
0
1
2
0
2
2
1
1
4
0
1
1
1
0
0
0
1
0
1
2
1
3
2
0
2
1
2
1
1
0
1
0
2
0
2
0
2
3
1
0
1
3
0
2
2
0
1
1
1
1
0
0
1
1
0
3
1
2
3
1
1
1
2
2
1
1
3
1
1
1
1
3
2
4
3
1
1
0
4
0
2
1
1
0
0
1
2
0
2
2
1
1
1
1
0
0
0
2
2
0
1
4
0
1
3
3
0
0
0
0
2
0
0
2
1
2
3
1
0
3
1
0
1
1
1
3
0
0
1
1
2
1
4
1
1
3
2
1
1
1
2
1
1
1
1
2
3
3
2
0
0
1
2
2
3
2
2
0
1
0
1
2
2
2
2
2
2
1
3
0
3
3
2
1
1
1
4
2
3
1
2
2
0
1
1
1
1
1
2
1
1
0
0
1
2
2
0
0
1
4
3
1
1
1
0
1
0
3
3
4
0
0
4
1
0
1
0
0
0
2
2
2
1
0
5
0
3
1
2
0
0
1
2
2
1
2
0
1
1
0
2
0
0
1
1
0
1
0
3
1
2
1
2
1
2
1
0
1
0
2
2
0
1
1
1
1
0
1
1
1
1
0
1
0
3
2
1
1
2
2
0
1
0
4
1
2
0
2
2
1
0
0
1
0
0
0
2
1
1
1
1
1
3
0
0
0
4
0
5
1
1
1
2
4
2
1
0
4
2
0
3
2
1
0
4
3
4
0
0
1
1
1
1
1
2
0
2
2
0
3
1
1
1
2
0
1
2
1
2
2
1
1
1
0
1
2
0
1
2
3
1
0
1
3
0
4
1
0
3
1
2
1
3
4
1
3
2
1
0
1
0
4
0
1
2
1
1
1
2
2
1
2
2
0
0
0
0
0
0
2
2
1
0
0
0
1
1
1
0
1
0
1
1
0
2
0
1
1
1
2
2
0
2
2
0
2
3
0
3
0
0
1
0
0
1
0
3
0
0
1
0
0
2
0
0
3
1
1
2
0
2
1
6
0
0
2
5
5
2
2
1
0
1
4
2
0
2
1
2
1
1
3
5
3
1
1
1
2
0
0
1
2
1
1
0
0
2
2
0
2
2
3
1
1
1
0
3
2
1
1
1
5
5
2
2
2
1
1
0
1
0
1
0
2
1
2
3
2
2
1
0
1
0
0
2
1
1
1
2
0
2
3
3
0
1
1
0
0
3
2
1
3
1
1
1
2
1
1
1
2
2
1
1
0
2
0
0
2
1
1
3
1
0
0
3
1
2
1
3
1
2
0
0
0
1
2
1
4
2
1
0
3
0
1
0
0
0
2
1
0
2
4
1
0
3
2
2
0
0
2
2
2
2
1
1
1
1
1
2
1
0
1
0
0
4
1
2
1
1
0
3
2
1
1
0
1
0
1
1
0
0
3
3
3
1
2
0
1
0
3
2
2
2
1
3
2
0
1
0
0
3
1
3
2
2
2
2
1
0
3
2
1
2
1
1
3
3
2
1
0
0
1
1
0
2
0
0
4
2
1
1
0
0
1
2
1
2
2
2
0
0
0
1
1
2
3
0
3
0
0
4
3
3
1
1
2
2
3
6
0
1
0
0
0
0
0
2
0
0
1
1
2
2
0
0
2
2
3
0
1
1
1
3
1
2
1
0
0
1
2
1
1
2
0
1
0
0
4
2
1
1
0
1
3
0
3
1
1
1
3
0
0
0
3
1
3
0
1
2
0
0
2
1
1
2
1
2
1
3
0
1
1
0
2
2
3
0
0
1
3
1
1
2
3
1
1
0
3
2
2
1
1
1
1
1
1
1
0
1
1
1
2
1
1
0
1
0
2
0
0
1
1
0
1
4
0
1
2
0
1
2
2
1
0
3
0
1
1
0
2
1
1
1
1
1
2
1
0
2
0
2
4
2
2
1
1
0
0
1
0
1
0
4
2
1
0
1
0
1
2
0
2
1
0
1
1
1
0
1
0
0
1
1
2
2
1
0
0
0
1
2
1
0
0
3
1
2
0
1
1
2
0
1
1
2
0
2
2
3
1
1
2
1
2
1
0
2
2
0
3
1
2
2
1
1
4
1
2
1
0
0
0
1
1
0
0
0
0
0
1
0
1
1
1
2
1
1
1
2
1
1
2
0
2
1
0
0
1
2
1
0
1
0
1
0
1
1
1
3
0
0
0
2
1
0
2
2
1
1
1
2
1
0
1
1
1
0
1
1
0
1
1
1
0
1
3
1
0
3
0
2
3
1
2
1
1
0
2
0
3
1
1
0
0
0
4
0
3
0
2
4
0
1
0
0
0
3
1
0
1
0
1
1
2
2
1
3
1
0
0
1
1
0
6
2
2
3
0
1
1
2
0
0
2
2
2
2
2
0
0
1
2
1
2
4
0
1
1
2
2
2
1
0
0
1
2
6
1
0
0
4
0
1
0
2
0
0
1
1
0
0
1
1
2
0
1
0
0
1
4
4
0
0
2
1
1
0
0
2
1
2
1
0
1
0
1
1
0
0
0
0
0
4
1
1
2
1
0
2
1
0
0
1
1
2
0
3
0
0
1
3
3
0
0
2
2
0
1
0
1
0
4
2
0
0
0
1
0
1
2
1
1
0
2
0
0
1
1
0
1
0
0
0
0
1
1
3
1
0
3
0
0
0
1
0
1
1
1
1
0
1
1
1
3
0
2
1
0
1
0
2
0
1
1
3
1
1
1
1
2
0
1
2
0
0
2
1
1
0
1
2
3
0
0
1
0
2
4
0
0
0
1
1
2
0
1
3
0
1
0
0
0
1
1
0
0
3
1
1
4
0
2
1
1
2
0
0
0
1
1
1
1
0
1
1
0
0
4
0
1
0
1
0
0
3
0
1
0
0
1
1
1
1
0
0
2
0
0
1
0
1
1
2
0
2
2
0
1
1
2
0
0
0
1
2
2
1
1
1
1
0
1
0
1
1
3
6
0
1
0
1
0
0
0
0
2
2
3
1
1
1
1
2
0
0
1
2
0
0
0
0
0
1
0
1
2
0
1
2
1
2
1
1
1
1
0
1
2
0
0
0
3
0
1
0
3
0
0
0
0
1
0
0
2
2
1
1
1
0
3
1
1
0
0
1
1
1
0
1
2
0
0
1
0
0
1
3
0
0
1
2
2
1
2
1
1
1
1
4
1
0
2
1
3
2
1
1
0
1
0
2
1
0
1
0
1
0
5
0
0
0
1
1
0
2
0
0
2
2
2
0
0
0
1
2
0
1
1
0
0
0
0
1
0
2
0
0
2
2
2
2
3
0
0
1
2
1
0
0
1
0
1
0
1
0
1
1
0
4
0
0
0
2
2
1
1
1
2
0
2
1
1
1
1
2
0
4
3
0
0
1
0
1
2
0
0
0
2
1
1
2
1
2
0
1
0
1
1
0
2
1
0
1
0
0
2
0
0
2
0
2
1
4
2
0
1
2
1
1
0
1
1
3
1
1
1
0
3
2
1
0
1
0
1
4
0
1
0
1
3
2
1
1
1
3
1
0
1
0
0
2
1
1
0
2
1
2
0
1
1
0
0
0
0
1
1
2
2
2
0
0
1
3
1
0
0
1
2
1
1
1
6
0
0
0
2
0
2
4
1
1
1
0
0
0
1
0
1
2
1
1
1
1
2
1
0
1
1
1
3
0
1
0
0
4
3
0
2
1
2
2
3
0
1
0
5
0
1
1
0
2
0
0
4
0
3
1
5
0
4
1
2
1
0
1
0
0
1
3
0
1
1
2
1
0
1
2
2
3
1
1
2
1
1
3
0
2
1
0
1
2
0
5
1
0
0
1
0
0
0
0
0
0
0
1
3
1
1
1
1
1
1
0
0
0
0
0
0
3
0
3
1
0
1
1
0
2
0
0
2
4
2
1
2
0
1
1
1
1
1
2
1
2
0
1
1
2
1
3
0
1
0
1
1
1
1
1
2
1
0
1
0
1
0
2
2
0
0
2
2
3
2
0
0
0
0
1
1
1
1
0
0
2
0
0
1
1
1
1
0
1
0
1
1
1
1
1
0
2
1
2
0
1
0
3
0
2
2
0
0
2
1
1
0
2
2
0
0
1
2
1
0
0
0
2
1
0
1
0
0
1
2
2
0
0
0
2
0
3
0
0
1
1
0
0
1
3
1
2
1
2
1
3
3
3
0
0
0
2
0
0
0
1
0
1
1
1
1
0
1
3
1
1
1
0
2
0
1
1
1
0
0
3
1
0
1
2
3
0
0
0
4
0
0
1
2
0
0
2
0
2
2
1
1
0
0
1
2
1
0
1
0
1
1
2
0
0
1
2
1
0
0
0
1
3
0
0
0
0
1
0
0
0
2
1
0
1
0
1
1
1
2
2
2
1
3
4
1
1
1
1
3
3
0
0
2
0
1
1
0
1
0
0
2
4
0
2
0
4
2
5
0
1
1
2
1
3
1
2
2
3
3
0
2
0
0
0
3
0
0
4
3
1
1
0
2
3
0
1
1
0
0
1
0
0
4
0
1
1
1
1
1
1
1
1
0
1
1
1
0
1
1
0
1
0
2
1
2
2
0
3
0
1
1
1
3
1
0
4
0
1
1
0
1
0
1
0
0
1
1
2
0
3
0
2
1
0
0
2
1
1
1
0
3
0
0
2
0
0
0
1
3
0
1
0
1
1
0
0
0
2
2
2
0
1
0
1
2
0
2
0
1
1
2
1
1
1
0
0
1
0
1
0
1
0
0
0
2
2
1
1
1
2
2
1
0
3
0
0
1
1
1
0
1
0
0
2
1
1
0
1
2
0
1
0
0
0
2
1
0
3
1
2
1
0
2
1
1
1
0
0
0
1
2
0
0
1
1
1
0
0
0
0
3
2
0
0
2
2
0
2
0
0
0
2
1
2
3
0
1
1
1
2
0
0
0
0
0
2
0
2
1
0
1
2
0
0
1
3
0
3
1
2
0
1
0
3
0
0
0
2
1
1
0
1
0
1
0
0
1
2
1
1
0
2
1
2
0
0
4
0
0
0
2
2
3
2
3
4
1
0
1
1
1
0
0
1
1
1
1
0
0
0
1
0
1
1
3
2
1
0
5
3
1
0
3
0
1
0
0
2
1
2
1
2
1
0
1
2
3
1
2
4
0
2
4
0
1
1
3
0
0
1
2
1
1
4
1
2
3
2
0
1
0
1
2
0
1
1
1
0
1
0
0
1
1
1
0
1
0
0
1
0
1
0
0
1
0
1
0
0
0
1
1
0
0
2
0
2
1
1
0
2
3
0
2
1
0
0
2
0
1
2
0
3
2
0
2
2
2
0
2
1
2
0
1
4
3
1
0
0
1
1
2
2
1
0
1
0
0
0
2
0
1
2
2
2
0
1
1
1
1
0
0
2
2
0
0
0
1
2
2
1
1
2
1
1
0
0
1
0
2
2
0
1
0
2
0
0
1
0
0
1
0
1
0
1
1
0
1
0
0
1
1
0
1
1
0
2
0
2
0
1
0
0
1
0
1
0
2
4
2
1
1
4
0
1
0
3
0
1
1
1
0
1
2
2
1
0
0
2
1
0
1
2
1
2
1
0
0
2
1
1
0
0
1
1
1
4
2
0
2
0
3
0
1
0
1
0
0
2
1
0
3
1
2
1
0
0
3
0
2
1
0
3
1
1
0
0
1
1
1
3
2
1
2
0
2
0
3
1
1
3
1
1
0
2
2
0
0
0
2
1
0
0
1
1
0
1
1
1
1
0
0
1
0
1
2
0
3
1
1
0
0
0
0
1
0
0
0
1
3
2
1
0
0
1
0
1
1
0
3
2
1
0
0
0
1
1
2
0
0
1
1
0
2
0
0
0
2
0
0
0
0
2
0
0
0
0
0
1
0
2
0
0
0
1
1
1
1
1
2
2
2
1
2
2
0
0
0
2
0
0
0
2
0
1
0
0
0
2
0
1
0
1
4
1
0
0
1
0
0
1
0
0
1
0
3
2
1
1
1
1
2
0
0
0
0
2
1
1
1
1
0
0
0
0
0
2
0
0
0
0
2
0
1
3
2
1
2
1
2
2
0
1
2
2
1
0
0
1
0
1
0
0
1
0
1
0
1
2
0
0
0
0
1
1
2
3
1
0
1
1
0
3
0
1
0
1
0
3
1
0
0
2
2
1
0
0
1
0
2
2
3
0
1
0
1
0
0
0
1
1
1
1
1
0
0
0
0
0
1
2
3
1
1
3
2
1
1
0
0
2
1
3
1
0
1
1
2
0
0
0
2
0
2
0
0
1
1
0
1
0
3
1
0
3
1
2
1
1
1
2
0
2
1
1
0
0
2
1
0
2
0
2
0
2
4
0
0
0
0
0
0
1
1
2
0
1
2
2
0
1
1
0
0
0
0
0
1
1
0
0
0
0
2
2
1
0
0
0
0
0
0
2
1
2
2
0
1
0
0
0
2
0
0
2
0
1
1
1
2
1
0
1
0
1
2
3
1
0
0
0
2
0
1
0
0
2
1
2
3
1
0
0
0
0
1
2
0
1
0
0
0
2
1
1
1
0
5
0
1
2
0
2
0
1
3
1
2
1
2
0
1
0
0
0
0
1
0
0
3
1
0
1
1
2
0
1
0
0
1
1
2
1
1
2
2
0
2
1
0
0
0
0
1
0
2
0
1
0
1
1
0
1
0
2
0
2
1
0
0
0
1
1
0
2
3
0
0
1
2
2
0
1
1
2
3
2
1
1
1
0
0
1
0
0
2
1
1
1
1
0
1
0
2
2
1
0
3
0
0
0
1
0
2
2
0
0
1
2
0
2
2
1
0
0
2
0
1
0
0
1
1
1
3
0
3
2
0
0
0
1
0
0
0
0
1
1
0
1