92139
6915
3788
2673
1942
1616
1387
1116
984
924
864
784
714
649
608
581
556
484
479
436
443
452
421
402
370
421
344
386
328
307
309
292
281
291
273
305
234
252
277
253
250
238
257
225
251
237
237
270
253
210
210
220
231
197
194
217
195
211
193
203
211
202
193
199
204
196
208
194
180
180
151
183
191
170
170
185
164
169
169
176
171
141
146
162
156
160
148
170
169
144
168
159
163
143
142
138
161
168
149
153
168
144
129
164
148
148
163
153
124
143
181
136
118
129
138
131
148
140
143
130
135
142
168
127
143
128
139
127
126
115
136
144
122
170
154
143
152
158
145
141
132
122
151
128
133
117
130
127
133
151
104
120
136
118
118
114
126
133
127
118
118
131
127
113
102
123
123
125
109
110
120
145
113
143
129
136
99
128
119
126
134
115
119
128
117
124
118
125
128
119
107
98
106
122
113
130
94
133
135
102
113
116
123
114
124
119
99
130
140
119
114
129
118
118
111
101
116
115
115
122
120
126
108
104
113
136
114
124
105
106
100
119
103
128
119
106
83
131
104
110
129
116
101
117
104
124
109
94
105
108
111
119
106
122
112
112
88
105
118
110
109
103
118
115
112
107
111
101
105
105
94
107
97
101
92
101
124
99
93
120
113
102
123
106
106
119
110
103
124
126
107
97
105
94
103
95
102
115
120
108
108
105
98
111
106
110
101
101
109
99
93
97
113
104
103
100
108
93
99
121
103
104
107
106
101
106
105
117
112
95
101
102
115
115
111
103
80
99
106
109
101
97
102
112
91
101
104
92
112
88
93
96
111
102
99
92
101
90
99
91
102
92
84
93
113
105
97
101
100
116
88
104
103
116
101
94
86
92
107
90
105
111
108
100
105
102
89
101
93
97
100
106
94
109
87
98
106
100
85
100
102
112
92
88
79
130
121
104
110
88
97
107
85
107
80
119
100
111
85
86
95
110
91
100
105
96
104
110
97
112
95
101
100
84
76
97
95
95
107
86
106
94
87
104
91
80
105
97
114
106
102
101
84
81
110
86
105
107
78
96
87
90
87
105
93
90
73
93
94
87
88
108
87
100
102
85
100
114
85
86
86
104
87
96
86
100
97
99
88
102
85
87
99
100
87
106
103
88
89
80
102
83
98
98
94
95
84
88
89
110
101
96
99
71
105
90
91
107
96
93
84
90
84
97
81
94
114
88
100
97
129
75
86
81
98
93
97
73
84
98
83
89
84
91
81
83
92
92
88
82
97
100
77
99
86
97
100
88
104
91
89
96
80
91
96
95
82
91
91
103
88
101
82
82
114
74
84
72
95
103
92
86
91
93
97
89
70
76
81
82
83
79
107
89
76
90
6