139015
9689
4742
3007
2275
1634
1359
1133
926
843
743
625
588
486
492
473
416
369
347
322
294
313
270
247
233
216
213
208
172
178
175
173
173
159
138
151
144
121
135
134
126
107
127
107
99
94
107
117
107
88
106
85
89
106
77
77
94
86
87
73
61
71
60
70
74
67
74
71
64
54
57
51
71
55
58
56
55
48
45
45
49
56
66
52
47
49
49
49
39
34
47
46
47
48
62
46
29
52
43
41
46
31
34
48
33
43
42
36
35
26
30
29
30
34
42
30
39
39
43
29
30
28
30
25
30
30
45
26
29
40
30
23
29
34
19
26
23
32
26
21
22
24
28
24
32
19
31
35
17
19
17
22
19
26
25
23
24
24
19
23
22
18
27
16
14
23
31
25
18
13
23
25
15
21
25
28
14
20
24
23
25
19
16
20
11
17
19
27
17
12
12
20
17
15
18
17
13
16
15
13
17
13
19
20
12
21
25
12
11
21
17
24
19
16
21
15
10
15
21
14
11
12
16
19
15
14
18
7
10
9
19
18
11
16
14
16
7
18
16
15
13
11
14
9
14
16
14
15
19
10
13
18
13
11
11
16
9
8
15
10
13
4
8
9
12
10
14
10
9
8
11
12
11
11
10
13
9
12
15
9
8
10
11
9
5
8
12
7
10
9
11
12
8
10
5
7
11
9
6
15
9
12
15
15
9
14
8
11
17
10
10
14
9
9
15
10
18
12
12
9
6
6
6
10
8
10
8
13
9
4
1
15
4
13
11
13
8
9
8
13
5
7
15
16
11
10
3
15
13
8
10
3
15
6
7
8
4
12
17
8
6
6
11
5
10
8
5
13
8
8
6
5
10
6
9
10
5
8
5
9
18
11
6
7
4
7
7
12
4
8
7
10
7
8
9
6
5
9
10
8
7
4
5
8
3
10
5
7
3
7
5
7
12
5
12
8
4
8
3
7
5
9
7
8
6
7
8
4
5
8
6
2
2
4
8
9
4
5
5
2
5
7
3
8
10
8
6
12
6
6
5
4
6
10
8
4
7
8
8
4
12
9
7
11
5
2
5
5
7
9
3
3
6
8
8
6
4
4
5
6
7
11
7
5
5
5
6
7
10
5
8
11
4
10
9
7
5
7
2
8
3
5
7
3
6
3
5
7
4
6
4
4
4
5
7
4
2
4
5
3
8
5
1
4
11
6
4
3
7
3
3
4
10
5
4
10
3
6
3
5
4
0
8
7
7
4
1
3
8
4
7
4
2
8
4
4
8
9
5
4
8
6
4
4
7
7
7
7
4
6
4
4
3
5
4
2
5
2
4
3
5
4
5
2
7
5
7
2
2
1
3
2
5
4
3
6
1
2
7
5
0
3
4
6
6
5
9
4
3
6
5
1
3
2
4
4
7
7
5
2
4
3
4
1
5
4
7
3
5
3
4
1
5
4
4
3
6
1
6
3
8
6
5
5
6
5
4
4
5
6
5
7
6
5
7
5
6
8
1
5
3
1
6
2
2
3
6
5
5
5
6
3
8
3
2
5
8
3
5
4
2
2
5
2
6
7
7
2
3
4
6
5
6
4
3
4
7
6
1
4
3
2
8
4
5
1
5
4
4
3
7
3
5
2
4
2
2
1
6
7
3
2
3
2
3
3
3
0
3
3
6
6
5
5
5
1
1
3
3
6
2
1
3
3
7
4
5
8
5
5
6
3
2
5
4
6
3
5
4
3
8
4
1
2
3
6
3
2
5
3
4
4
3
4
4
2
8
4
3
2
1
0
1
6
4
3
4
2
3
5
5
7
2
2
5
2
5
5
6
5
3
1
2
0
1
0
3
3
3
5
6
4
2
2
4
3
3
3
1
2
3
4
2
1
5
4
6
4
7
6
4
6
0
2
3
3
2
5
5
6
3
3
3
1
3
4
6
2
3
2
2
4
6
2
4
3
2
1
4
5
5
6
7
3
6
5
1
1
4
4
1
4
3
4
3
0
5
3
4
5
1
1
4
1
3
1
6
2
6
3
0
2
2
4
3
2
2
3
2
6
4
4
2
1
3
1
3
3
6
3
5
1
3
4
4
3
1
1
3
1
3
3
2
2
2
1
3
2
2
5
2
1
2
2
6
2
1
2
3
2
4
6
1
5
2
1
4
3
6
4
2
2
3
5
6
4
1
5
3
3
4
1
5
4
4
1
1
3
2
2
2
2
4
3
5
3
2
3
3
4
3
2
4
5
0
0
2
3
6
2
1
4
2
1
4
3
3
2
3
3
3
2
3
3
2
2
1
2
3
4
2
1
2
2
3
0
1
2
2
6
0
4
3
2
3
1
3
1
4
6
2
2
0
3
4
5
6
2
3
5
4
1
3
1
4
1
2
3
3
4
1
1
0
0
2
4
3
5
3
1
4
1
2
2
5
1
4
2
1
7
1
2
4
2
1
0
6
2
2
3
7
0
2
4
3
3
3
5
4
5
3
5
2
1
3
0
2
3
3
1
1
4
0
2
0
4
0
2
0
4
2
2
3
3
3
2
3
1
2
3
3
6
2
1
4
3
3
1
1
1
4
4
3
4
2
4
1
3
1
3
3
1
4
1
1
1
3
1
6
8
2
1
0
0
1
3
2
2
2
2
4
1
1
2
0
2
1
3
2
2
3
2
4
3
2
6
5
2
2
3
1
0
0
0
1
3
2
2
2
1
1
5
3
3
4
1
4
1
4
1
2
1
1
3
2
0
2
3
3
1
1
4
2
6
3
3
2
4
2
2
2
3
1
1
4
4
5
4
2
2
3
3
3
1
4
2
3
4
3
1
4
3
0
1
2
1
8
1
2
3
2
1
2
4
1
2
1
3
5
2
1
0
1
5
2
4
0
1
1
3
1
2
3
1
1
1
5
2
3
3
2
2
0
0
3
3
2
3
2
4
2
1
6
2
1
3
1
3
2
3
2
4
0
4
1
1
2
4
1
1
0
1
1
1
1
1
1
0
3
0
2
2
2
3
2
2
3
3
2
2
2
1
2
3
4
3
2
3
1
0
2
3
3
2
3
4
5
2
2
2
1
1
2
3
2
5
1
5
4
1
2
2
3
2
0
2
1
2
2
0
2
1
1
0
4
1
7
2
2
1
0
3
0
2
1
3
4
2
0
1
1
4
1
2
1
0
3
1
2
3
3
4
2
3
0
0
1
1
1
0
2
3
1
3
1
1
2
2
2
1
4
0
2
2
1
5
4
2
3
1
0
0
3
0
1
2
2
2
3
0
2
2
4
0
3
0
3
6
2
1
2
2
2
2
2
1
1
4
2
1
0
4
0
1
4
5
1
0
3
0
0
2
1
5
2
1
5
4
0
0
2
1
2
3
0
2
0
4
5
2
2
1
2
1
2
0
3
2
4
2
1
0
1
1
1
3
1
1
0
1
1
0
4
3
1
1
0
0
0
2
0
4
2
0
2
2
3
1
2
5
0
6
1
1
2
4
1
3
0
1
3
1
0
0
1
1
2
1
2
3
1
5
4
2
0
0
5
2
1
2
2
3
2
2
2
1
1
2
2
0
2
1
4
4
2
0
1
1
2
2
1
1
3
3
3
3
0
0
0
3
1
0
0
6
1
1
1
5
3
1
1
3
2
1
2
4
3
0
3
1
2
1
2
1
3
0
2
1
2
3
2
0
2
3
4
1
2
1
1
1
2
2
5
2
3
1
2
2
2
2
1
1
1
2
2
1
3
3
0
3
2
3
4
1
3
2
4
0
3
0
0
2
2
3
4
1
1
1
3
3
6
1
3
2
2
3
0
0
2
0
1
3
4
5
2
2
0
5
1
2
1
4
1
2
1
2
1
0
1
3
2
0
4
2
2
3
0
5
5
1
4
2
2
2
0
0
1
4
2
0
2
1
1
1
3
2
0
0
4
3
2
3
1
1
1
3
4
2
3
5
0
1
3
2
2
1
0
1
1
1
1
1
1
1
1
1
0
2
5
1
2
3
0
0
2
1
3
4
1
3
2
0
1
6
4
0
1
0
2
2
0
0
1
3
1
4
0
4
3
2
0
0
3
1
2
2
3
4
3
1
1
2
1
1
1
3
1
2
1
2
0
4
4
1
4
0
3
1
2
1
0
1
1
1
2
2
2
1
0
4
0
6
0
4
1
1
0
0
2
0
2
1
1
2
1
4
3
7
2
3
2
0
3
3
2
1
2
1
4
2
0
3
2
4
1
3
2
0
1
3
1
0
2
2
1
0
1
2
0
1
2
2
3
1
1
0
1
1
1
2
2
2
2
2
1
2
0
1
3
2
2
3
2
0
0
3
0
1
0
1
1
1
1
2
2
4
2
1
3
2
2
1
4
1
5
0
0
4
1
1
0
3
2
0
6
0
0
2
3
0
1
0
0
0
3
3
3
2
2
1
0
0
1
0
0
0
2
4
1
0
0
3
2
1
2
0
1
1
2
1
1
1
0
1
1
1
0
3
2
2
1
2
2
3
1
2
2
1
3
3
0
0
0
1
3
1
2
1
3
0
3
1
1
2
0
0
2
3
2
1
2
1
2
0
1
2
1
1
1
2
0
1
0
0
4
1
2
1
2
1
1
0
2
1
1
3
1
2
0
2
3
2
3
1
1
2
1
2
2
0
2
3
1
0
2
1
0
2
3
0
3
0
1
0
1
1
1
4
2
1
0
1
0
0
3
2
1
0
4
1
1
2
1
0
0
0
2
0
0
1
0
4
2
3
0
1
0
0
1
1
1
1
6
0
1
0
1
1
4
0
0
0
4
1
1
1
0
3
3
2
4
4
1
0
3
0
2
4
2
0
0
2
2
2
2
2
2
0
3
1
2
1
2
1
4
2
2
1
2
4
1
2
1
2
0
1
1
1
1
1
0
2
0
0
0
1
3
1
1
2
1
1
1
0
2
1
2
1
4
5
0
2
0
1
1
2
0
2
0
1
1
1
0
2
1
3
1
2
1
0
2
2
1
1
0
1
4
2
3
2
4
0
0
2
2
0
1
2
0
0
1
1
3
2
1
2
3
3
2
1
0
2
3
3
0
1
0
2
0
2
0
0
1
0
2
0
3
1
1
1
1
0
2
1
1
3
2
1
2
2
4
0
0
2
2
2
1
0
2
3
1
4
1
1
2
1
3
0
1
0
3
1
4
3
2
4
2
2
0
2
1
3
0
2
0
2
1
2
0
1
3
0
0
1
1
3
2
0
1
0
2
3
2
0
2
1
1
1
2
1
2
0
0
1
0
2
2
3
2
0
1
2
2
2
1
1
1
1
2
0
0
0
0
1
2
0
1
2
1
1
1
0
4
0
5
1
1
2
2
2
1
1
2
0
1
2
1
1
1
1
0
3
1
0
4
1
1
3
3
0
3
1
2
0
1
1
0
3
2
1
0
1
0
2
1
0
1
1
1
3
2
2
0
0
1
1
0
1
2
1
1
0
0
2
0
3
0
4
4
0
3
2
0
0
1
1
2
0
0
0
2
1
1
0
1
1
1
3
0
0
0
0
0
1
0
1
0
1
1
2
3
1
0
3
2
1
1
0
2
1
0
1
0
1
5
0
1
0
0
1
0
0
0
1
0
2
2
2
0
2
1
2
1
1
1
2
2
0
1
2
1
4
1
1
1
2
1
1
2
2
2
1
2
0
2
3
1
0
0
1
0
1
1
3
2
2
3
0
1
0
1
2
1
0
1
0
1
0
2
2
1
0
2
1
3
2
2
1
1
1
2
3
1
2
0
1
0
1
3
2
1
1
0
3
0
1
2
2
0
1
0
3
1
2
0
0
0
1
2
2
3
0
3
0
2
0
0
0
0
2
2
0
3
0
0
0
2
0
0
0
1
3
1
0
2
3
1
0
1
1
0
0
1
1
0
0
1
3
1
2
0
0
2
3
1
2
1
1
1
0
2
2
0
0
2
1
3
1
1
1
1
0
0
2
2
3
0
2
2
0
1
1
2
2
0
1
4
1
0
2
2
2
2
1
1
4
1
0
0
2
0
2
2
1
0
0
3
1
2
4
1
1
1
2
2
1
2
1
2
2
0
1
3
1
0
0
1
1
3
1
2
3
1
0
1
2
0
0
3
0
1
2
1
3
1
2
3
2
0
3
0
0
0
1
0
0
3
2
1
2
2
0
1
1
0
1
2
1
3
2
2
1
1
0
1
1
2
1
2
3
1
2
1
0
3
0
3
2
1
0
2
4
2
3
3
2
1
2
3
2
0
2
0
0
0
1
0
2
0
1
0
0
1
0
0
3
0
0
2
1
1
1
3
0
0
2
1
0
0
0
0
1
0
0
0
1
0
2
1
0
0
2
1
4
2
1
0
2
1
1
1
1
1
2
0
0
1
1
1
0
1
0
0
0
3
2
1
1
0
3
2
0
1
3
1
1
0
0
3
0
1
2
1
0
0
1
0
0
0
1
1
1
4
1
0
0
0
2
2
2
1
0
0
0
1
1
0
0
2
4
2
0
0
1
4
2
0
2
1
2
0
1
4
0
1
2
1
0
1
2
1
0
2
2
0
1
4
3
2
1
1
3
1
1
2
3
0
1
0
3
3
2
0
3
1
0
1
2
0
1
2
2
1
2
2
2
1
0
1
0
0
1
3
1
0
2
0
2
1
1
0
1
3
0
4
0
1
0
2
3
1
0
3
2
0
4
1
3
0
0
4
1
1
1
1
0
1
6
3
2
2
0
0
1
1
1
1
1
1
1
1
0
2
2
1
2
4
1
0
0
1
1
1
1
0
2
1
3
4
0
3
4
4
1
0
1
0
0
3
1
0
0
0
1
2
1
3
1
2
1
0
3
2
1
1
2
2
0
2
2
0
1
1
1
0
1
1
1
1
1
2
0
0
1
1
3
0
2
0
2
2
0
2
0
1
3
1
1
1
0
1
1
0
0
2
0
2
0
1
4
1
0
0
1
1
3
1
2
2
0
0
2
1
3
0
1
1
4
0
0
0
0
1
1
1
2
0
0
1
2
2
1
0
2
1
3
2
1
0
2
0
1
2
1
0
1
1
1
1
0
1
1
1
1
1
2
1
1
4
0
2
1
2
0
4
3
1
2
0
2
2
2
0
0
2
2
2
1
0
2
0
2
1
0
2
1
2
0
1
2
1
3
2
1
1
0
1
0
0
1
0
1
0
0
2
1
4
0
4
2
0
1
0
2
0
0
2
0
1
2
1
2
1
1
0
1
0
0
0
2
2
0
1
0
0
3
2
1
0
2
2
1
2
1
1
1
2
3
1
1
2
1
1
0
2
1
0
3
0
3
1
1
1
2
0
0
0
1
2
0
2
3
1
1
1
3
2
2
2
1
0
3
1
1
2
0
3
0
0
0
1
2
1
3
2
1
1
0
1
1
1
0
0
0
1
1
3
2
0
1
1
1
2
1
1
0
2
0
0
2
0
1
1
1
2
0
1
0
0
2
4
0
1
0
1
2
3
4
1
0
0
1
1
1
0
0
1
2
1
1
1
0
0
0
2
2
1
1
0
2
0
2
0
0
0
0
2
1
0
1
2
1
0
0
0
2
2
0
1
0
1
1
0
1
1
4
0
1
4
2
0
2
2
0
4
1
2
2
1
1
1
1
3
3
0
0
2
1
0
2
2
3
0
1
2
0
5
0
4
1
1
1
1
0
2
0
2
2
2
0
0
2
1
0
0
1
0
1
2
1
3
1
1
2
3
2
2
1
0
1
1
0
0
0
2
1
1
1
1
1
1
0
2
1
0
2
0
1
1
0
2
0
1
1
2
1
1
0
1
2
2
0
1
0
2
0
2
0
0
1
1
1
0
1
0
0
1
2
2
2
3
1
4
0
0
1
0
1
0
1
1
0
0
1
1
1
1
1
3
0
0
2
0
3
4
1
0
0
0
1
2
2
1
1
2
0
3
0
0
0
0
3
3
1
2
2
3
0
1
0
1
0
1
1
0
0
0
0
1
1
1
0
1
2
0
0
0
3
2
1
0
0
1
1
0
1
2
0
1
0
2
2
1
1
2
0
0
1
2
0
1
2
1
0
0
1
1
1
1
3
1
1
2
2
2
1
1
2
1
1
1
3
1
1
1
3
0
2
0
0
0
0
1
1
0
0
0
0
2
0
3
1
0
6
1
0
0
1
1
0
1
1
1
1
1
4
2
1
0
1
0
1
2
1
0
1
0
1
0
0
2
1
2
1
0
1
1
1
0
2
1
1
1
1
1
0
1
0
0
3
1
2
0
0
0
3
0
1
1
0
0
2
0
1
0
2
1
1
1
1
1
0
0
0
2
1
2
0
1
0
1
2
0
1
0
1
1
2
1
1
0
0
1
1
1
1
1
1
0
1
2
0
1
0
2
1
0
2
1
0
2
4
2
1
1
1
0
0
1
0
1
2
1
0
2
1
2
4
0
0
0
0
1
1
1
0
0
1
0
1
0
3
0
2
0
2
2
3
0
0
0
0
1
2
4
2
1
0
2
0
0
1
2
1
1
1
1
2
1
0
0
2
0
1
0
0
1
0
2
0
0
0
1
2
0
1
1
0
2
0
0
0
1
1
1
1
1
0
1
2
0
1
0
1
1
0
1
1
0
0
1
2
0
2
4
1
1
0
0
3
2
1
3
1
3
0
0
1
1
1
2
1
0
0
1
5
2
3
0
3
0
3
1
1
1
2
1
0
2
0
1
2
3
1
0
0
1
0
3
0
3
0
1
1
0
0
0
1
1
2
0
0
1
1
1
2
0
2
3
3
0
0
1
0
0
0
1
1
1
1
1
0
1
1
0
2
1
2
3
2
1
2
1
0
1
0
1
1
0
1
3
2
1
2
1
0
1
0
2
0
1
0
3
1
0
1
1
2
0
0
0
1
0
1
0
1
2
1
1
0
1
1
1
2
0
1
2
1
1
2
3
1
2
0
1
2
0
1
0
0
1
0
1
1
0
3
0
0
0
0
4
0
1
1
2
1
0
1
2
0
3
2
0
2
1
3
2
2
1
2
0
1
1
3
1
2
2
1
0
1
1
2
1
0
1
1
2
3
1
0
0
3
0
0
2
1
0
1
1
1
0
3
1
2
2
0
0
0
2
0
3
2
2
1
2
0
2
3
1
1
0
0
0
0
1
0
1
1
0
1
0
1
1
1
0
0
1
1
1
0
0
4
0
3
0
3
0
0
2
1
0
2
2
0
1
0
3
1
0
0
0
0
0
0
2
1
0
2
1
0
1
0
0
1
0
3
1
3
2
2
0
2
0
0
3
1
1
0
1
2
1
0
0
0
0
1
2
1
3
0
0
1
1
0
0
1
1
0
3
0
0
1
0
3
1
1
2
0
2
2
1
2
2
0
2
0
0
0
0
2
2
0
0
0
1
0
0
2
1
2
0
1
0
0
0
2
1
0
0
0
1
0
0
0
0
0
1
1
0
3
1
0
2
2
0
1
1
0
1
0
0
3
1
1
1
1
1
0
3
2
3
0
1
1
0
0
1
1
1
4
1
1
0
1
0
0
2
0
2
0
1
0
1
2
0
2
0
1
2
0
1
0
3
1
1
0
2
1
0
1
1
5
1
0
2
0
1
0
3
0
1
2
0
2
1
0
0
0
0
1
2
0
1
1
0
2
0
0
1
0
0
1
1
0
1
4
0
2
0
1
4
2
1
1
1
2
1
2
1
0
1
2
1
0
0
0
1
0
1
0
2
1
1
2
0
2
1
0
1
1
0
1
3
2
1
0
1
3
1
0
0
2
0
0
0
0
0
1
3
0
0
0
0
1
0
0
0
1
1
1
0
0
0
1
0
3
1
0
2
1
1
0
3
0
5
1
1
1
0
0
2
0
0
5
1
1
1
0
1
2
2
4
1
1
0
0
1
1
3
2
1
2
1
0
1
0
3
0
2
0
1
2
0
1
0
1
1
0
1
2
0
0
1
1
0
2
1
2
2
0
0
0
1
2
1
0
0
0
1
0
0
3
1
2
2
1
1
0
3
1
1
0
1
1
1
0
0
0
0
0
2
1
1
1
0
1
1
2
3
0
0
0
0
0
3
0
0
1
0
1
1
3
0
0
0
2
2
0
2
1
1
0
1
2
1
1
0
2
1
1
0
1
0
0
0
1
1
2
1
1
0
1
0
0
3
2
3
1
0
1
0
0
1
0
0
2
0
0
1
3
1
0
2
0
0
0
0
1
0
0
2
2
0
0
0
3
1
5
0
1
4
2
3
0
2
2
1
1
0
1
1
0
1
2
0
2
2
1
0
3
2
2
1
3
2
0
0
0
2
4
0
1
1
0
0
0
1
2
0
0
1
1
1
2
0
1
1
2
0
2
0
0
1
1
0
0
0
0
1
1
2
1
1
0
0
1
1
1
2
2
2
1
1
2
0
1
0
4
3
0
0
2
0
0
0
0
1
1
2
1
0
0
2
1
0
1
0
1
1
1
1
1
0
1
0
0
0
1
2
0
1
2
2
1
2
1
4
0
1
0
0
1
0
3
3
1
3
0
1
0
3
1
0
2
2
0
0
1
0
0
0
1
1
0
1
2
0
0
1
1
0
1
1
0
1
1
0
0
0
3
1
1
0
1
1
2
0
3
0
1
1
0
1
0
4
0
2
2
2
2
0
2
1
2
1
3
2
1
0
0
0
0
1
0
2
1
1
3
1
1
0
1
1
0
3
2
2
0
4
2
1
1
0
2
1
1
4
1
2
1
0
0
1
0
0
1
1
2
1
2
1
0
1
0
1
1
1
0
1
0
0
2
1
1
1
2
3
1
1
1
0
1
0
1
1
2
0
0
1
1
1
1
0
0
0
0
1
1
0
0
1
0
3
0
1
0
2
1
1
4
1
1
0
0
1
1
0
1
0
1
0
0
0
0
0
4
1
0
2
0
0
3
1
2
0
1
1
2
0
1
0
0
0
1
0
1
0
0
0
0
0
1
1
1
0
0
0
0
0
2
0
1
2
0
0
1
1
0
3
2
1
0
2
1
1
0
1
2
0
0
2
2
1
1
2
0
0
3
1
0
0
2
3
0
2
1
0
1
1
0
1
2
3
0
2
1
1
0
2
0
0
0
0
1
2
3
1
0
0
0
0
3
0
1
1
0
0
2
1
2
1
1
0
1
0
0
1
1
1
0
3
1
1
0
1
1
0
0
0
1
1
0
1
0
1
0
0
2
0
0
4
0
3
1
1
1
1
0
0
0
1
0
0
0
2
0
2
0
1
2
1
1
2
1
1
1
2
1
3
1
4
0
0
0
0
0
1
0
0
1
0
1
0
0
0
0
1
0
1
1
4
0
1
3
1
0
0
2
1
0
1
5
1
0
4
1
1
0
1
1
1
0
1
1
0
1
0
1
0
3
1
0
1
1
0
0
1
2
1
0
0
0
0
0
1
0
0
0
1
0
1
1
0
0
3
1
1
1
0
0
1
2
1
0
2
1
0
1
0
1
0
0
2
1
3
1
2
1
1
1
1
1
1
0
0
1
1
2
1
1
0
0
1
0
0
0
0
4
0
2
2
2
2
1
2
1
2
1
0
0
0
0
0
2
0
0
2
0
2
3
0
2
1
0
0
1
2
0
0
1
0
4
0
0
0
3
0
1
2
1
0
0
2
0
0
0
1
2
0
0
0
0
0
3
1
0
1
0
0
1
0
2
0
3
1
0
0
0
1
1
2
1
2
0
1
0
1
0
0
1
0
0
0
1
0
2
0
0
0
2
2
0
2
1
2
1
0
0
1
0
2
1
2
3
1
0
0
0
1
0
1
1
0
0
1
2
0
0
1
2
0
1
0
0
0
0
0
1
0
0
1
1
1
0
0
0
0
0
1
0
2
0
2
1
1
2
3
0
0
0
1
1
2
2
0
0
1
0
1
0
2
0
0
5
1
2
1
2
1
0
1
1
2
2
1
0
1
0
2
0
0
0
0
2
2
0
1
0
0
1
1
0
0
0
1
2