93692
6680
3710
2505
2001
1637
1424
1244
1027
893
853
801
740
641
638
586
556
552
485
444
441
440
431
399
394
375
378
344
319
348
354
315
296
318
328
274
280
248
277
296
275
236
224
271
239
236
225
224
230
223
248
219
236
217
227
220
214
184
169
207
201
202
229
199
188
192
183
172
201
176
200
176
175
188
182
177
176
173
200
151
169
161
175
168
179
153
169
167
160
177
134
146
143
152
179
175
160
145
146
153
153
147
167
148
155
148
142
149
160
152
140
136
155
147
151
157
137
149
136
141
159
153
141
137
150
150
140
146
157
132
139
129
144
145
140
129
143
149
129
132
135
142
142
147
138
140
120
145
137
131
118
121
128
127
115
116
120
122
121
116
135
118
108
127
119
111
124
106
91
138
104
122
121
121
120
131
113
141
143
106
108
124
121
135
137
145
133
121
106
124
111
122
112
104
113
110
125
135
106
110
109
130
111
119
105
133
132
127
103
121
109
134
103
109
109
110
122
123
109
108
112
141
107
115
111
106
97
132
109
121
126
97
104
131
107
106
99
134
95
97
106
107
114
122
121
125
135
100
126
100
124
135
109
101
115
110
118
112
100
96
107
119
106
105
125
108
111
113
99
88
89
110
107
102
108
110
105
91
110
106
118
126
104
115
124
111
105
95
110
98
105
103
99
114
110
118
114
110
102
83
96
114
98
98
103
102
121
98
92
113
115
118
100
94
100
117
83
119
85
99
104
92
91
105
101
96
101
116
116
106
108
95
99
96
103
111
96
101
86
115
111
98
109
101
107
93
110
111
96
92
105
103
111
100
103
96
109
106
121
116
102
107
94
95
115
93
91
121
117
88
107
123
98
107
96
106
76
110
89
94
101
110
85
115
95
99
112
86
112
103
93
89
102
90
94
95
97
105
82
96
102
99
105
98
91
94
93
106
97
114
91
116
93
112
106
92
104
110
89
92
96
82
73
105
80
93
114
99
86
117
118
76
99
98
94
94
98
122
108
103
80
94
106
86
91
91
92
86
108
86
102
105
104
86
93
89
87
89
97
99
102
83
80
86
108
93
93
94
90
101
101
91
97
112
99
84
91
93
97
99
101
103
107
106
87
89
93
95
96
95
104
96
100
104
120
77
100
91
101
101
90
98
98
102
113
93
82
93
101
94
77
110
85
97
95
80
87
98
112
98
100
97
116
101
106
96
80
117
91
87
86
84
87
95
92
76
95
92
94
100
97
87
83
77
92
97
84
81
93
97
95
69
84
91
85
86
96
91
94
90
88
107
103
96
115
87
94
94
96
97
105
106
109
79
102
96
87
78
103
87
86
107
101
95
106
78
95
97
104
92
96
109
84
92
34