198195
12572
7199
4970
3921
3251
2642
2315
2068
1993
1853
1577
1497
1437
1406
1212
1271
1141
1079
1110
975
982
885
944
924
950
870
858
813
800
784
776
757
731
749
720
731
707
713
650
705
693
667
607
675
639
618
615
583
629
587
574
572
586
575
566
570
594
543
591
554
516
548
493
557
560
536
512
551
579
559
538
523
491
498
546
504
456
529
519
496
443
509
519
483
497
500
455
447
481
494
502
490
495
475
516
449
503
501
425
440
484
462
475
465
433
483
462
454
470
466
445
453
439
445
442
487
438
468
410
472
462
494
442
429
417
475
430
434
408
430
430
433
406
488
439
435
389
450
389
387
390
421
438
417
406
434
462
408
418
406
439
388
390
389
415
407
429
421
396
381
460
388
419
399
425
398
396
401
422
435
429
404
365
401
405
418
397
399
427
388
391
384
401
432
420
400
427
431
437
404
416
377
354
387
371
401
410
375
411
390
391
398
385
350
368
380
406
392
394
354
378
403
399
390
390
399
377
405
399
383
366
362
375
363
357
399
406
354
379
407
339
349
381
383
368
415
393
351
368
353
394
393
403
391
361
349
404
350
401
368
353
368
367
349
341
373
403
398
386
360
399
392
354
361
364
361
380
347
378
376
367
388
349
361
348
335
355
345
327
357
390
383
383
389
358
339
393
337
367
368
359
376
393
363
375
408
314