91872
6720
3853
2663
1984
1598
1378
1145
1049
912
845
753
705
692
625
578
529
492
487
538
464
439
406
389
373
402
360
363
310
320
348
283
303
317
279
303
277
288
283
286
256
266
240
228
266
247
247
222
236
229
226
220
225
193
237
212
225
213
197
214
207
196
184
198
206
177
176
168
202
180
187
174
192
191
159
176
192
176
176
157
172
193
160
163
159
169
168
171
164
147
163
148
158
159
153
143
164
146
171
180
173
179
126
151
139
162
147
150
130
146
147
153
143
152
127
153
149
127
156
136
131
116
135
164
139
137
130
134
137
134
134
128
137
125
141
117
135
126
162
155
136
117
117
130
134
133
141
112
136
156
125
131
116
110
133
122
118
130
136
130
146
129
129
111
122
128
136
116
135
106
120
110
131
134
141
106
121
105
105
106
118
103
113
127
115
123
100
118
90
121
135
91
124
127
118
105
122
123
139
111
119
122
105
106
96
110
128
103
136
105
103
126
112
128
124
96
115
113
108
118
105
112
125
110
139
123
113
98
97
107
109
95
97
109
102
113
97
105
124
98
106
118
123
133
104
98
110
113
113
100
106
122
106
88
116
109
91
107
113
107
110
119
112
92
117
114
113
102
107
119
107
139
97
110
106
119
104
86
99
107
106
118
110
109
94
111
125
113
87
109
128
104
98
104
120
93
100
99
112
96
97
95
122
132
123
96
126
101
112
82
91
115
99
104
110
102
111
100
113
108
105
97
102
107
89
112
106
98
109
96
90
105
100
94
96
112
101
93
95
107
106
88
98
108
107
99
107
98
97
91
128
102
116
110
116
94
104
98
93
115
117
111
78
101
102
94
83
93
93
114
104
96
104
84
87
113
81
102
107
105
91
91
103
92
94
89
111
95
98
100
88
91
88
104
90
93
86
95
90
107
100
88
116
92
103
113
90
102
100
109
94
92
94
92
96
88
91
91
100
116
100
115
93
77
94
95
106
98
104
106
84
106
101
98
113
109
79
89
111
109
80
82
99
88
92
81
93
111
92
110
90
107
101
88
97
95
112
82
79
99
86
109
98
95
92
106
89
85
98
99
86
101
107
76
93
93
100
109
85
104
87
110
89
98
101
89
101
109
100
99
95
104
111
99
85
92
102
96
99
103
94
101
84
108
99
89
87
92
93
84
98
103
96
108
99
110
99
96
91
104
90
94
103
104
101
102
106
100
87
86
106
90
104
96
102
96
120
89
89
95
88
93
89
81
88
107
79
93
85
103
102
93
93
86
94
95
86
95
96
89
100
106
91
100
93
93
101
94
94
83
113
74
95
118
91
86
80
91
88
92
90
82
105
112
91
108
97
79
97
101
93
75