43192
3551
1967
1361
1069
891
692
608
562
453
420
400
344
329
324
291
285
248
235
239
236
188
181
190
193
184
171
169
156
141
134
138
157
132
132
145
134
111
102
107
103
120
111
98
104
105
99
89
95
116
97
101
68
93
88
90
89
77
93
71
76
87
86
74
96
71
82
76
82
72
71
71
60
76
79
69
87
68
68
78
53
70
51
57
61
68
65
63
48
74
67
64
61
72
59
66
52
62
48
71
48
58
66
57
64
50
58
42
52
47
54
51
49
42
39
49
51
38
65
50
47
50
39
40
49
45
47
46
63
56
41
56
49
38
75
49
47
42
41
54
52
59
40
36
45
52
47
40
43
36
29
47
46
53
48
30
44
37
35
50
35
43
42
46
33
40
38
40
29
38
33
41
47
38
36
40
49
34
34
38
38
45
24
43
38
42
39
38
44
45
38
29
43
35
49
31
40
43
39
44
35
41
41
42
40
36
47
36
45
35
35
40
32
39
33
42
32
38
32
30
43
35
46
39
33
40
34
27
34
32
34
35
39
49
36
32
44
42
32
39
28
42
38
32
24
30
37
35
28
27
34
32
35
42
29
35
34
30
41
27
34
39
34
17
38
36
31
42
32
41
28
44
38
43
33
33
30
40
25
30
27
32
28
33
27
38
35
36
34
24
40
43
35
36
30
37
32
35
41
34
37
29
32
31
24
41
34
36
33
40
35
22
29
27
32
37
22
41
32
34
30
35
32
39
31
37
39
35
29
34
32
27
27
34
35
22
30
33
35
37
37
22
20
31
27
37
25
34
33
26
29
31
45
42
38
23
45
32
29
35
35
21
32
40
34
19
27
33
29
24
32
42
36
25
38
29
37
32
34
28
36
36
27
33
31
26
21
23
30
37
25
38
25
32
25
25
32
35
30
40
34
32
30
26
22
20
27
31
25
30
30
21
38
27
28
27
21
39
18
40
31
25
30
29
30
24
34
35
27
27
29
39
35
26
29
37
28
25
33
27
30
20
21
26
30
28
31
31
25
30
30
18
28
32
27
29
24
26
29
25
25
23
27
26
29
24
32
32
28
33
27
40
17
25
24
17
25
31
25
21
29
25
33
33
20
30
27
31
33
29
27
23
24
20
21
21
22
24
30
30
28
29
25
30
28
33
28
36
37
32
19
25
25
21
23
30
28
22
23
36
23
16
22
37
27
29
19
31
37
27
15
27
31
18
34
25
31
30
32
25
27
32
30
24
35
27
21
27
37
29
23
32
31
26
28
32
21
27
27
27
24
32
28
30
21
25
34
20
34
28
21
24
17
27
23
30
27
24
26
33
25
18
31
26
20
27
28
32
26
26
34
20
23
24
30
28
30
30
33
28
15
28
29
30
33
29
24
22
32
35
25
15
33
25
39
20
38
22
33
21
32
22
30
26
27
32
20
36
27
20
27
30
24
17
26
23
26
28
29
23
17
25
27
25
23
26
25
26
29
25
28
21
31
25
26
28
30
25
25
33
24
21
28
24
27
22
26
31
15
20
21
17
30
22
28
24
19
24
26
30
26
28
24
24
24
25
39
29
20
21
24
23
20
37
24
36
25
29
28
21
21
36
19
28
32
27
33
27
17
26
31
29
25
15
23
24
34
13
23
33
34
28
18
30
22
26
24
33
27
28
18
28
29
30
25
31
19
28
25
32
30
24
23
20
26
34
28
29
33
26
20
22
28
17
22
26
22
31
30
19
29
20
17
26
27
22
16
23
37
24
28
37
28
20
29
19
35
26
33
20
26
28
25
13
18
22
17
30
27
33
28
22
28
19
27
21
27
16
27
29
16
27
31
15
24
30
20
27
20
19
33
29
37
34
20
35
25
27
27
21
17
20
16
29
27
18
23
18
23
28
26
28
25
36
25
32
21
29
22
20
27
20
19
20
25
18
19
15
29
20
21
27
26
24
23
15
22
26
29
29
30
24
24
23
33
25
27
35
26
24
28
31
23
21
29
22
24
26
28
23
26
28
31
18
28
31
26
25
27
23
20
20
20
20
29
20
26
23
18
26
22
24
20
30
28
23
24
26
19
16
25
28
31
21
26
14
23
27
27
22
23
32
21
29
22
25
23
26
17
27
30
22
23
25
27
31
25
23
24
34
17
17
26
26
24
15
25
22
17
23
36
27
17
21
20
23
32
29
24
20
21
21
31
25
19
28
21
26
21
24
22
23
16
29
26
25
32
24
20
18
21
15
23
33
28
18
21
21
35
19
20
23
26
21
21
18
22
18
20
17
25
10
24
17
16
25
22
20
24
24
13
17
24
37
27
27
19
20
22
24
32
21
18
21
25
24
28
23
22
15
23
15
28
30
28
27
27
17
33
27
19
16
31
25
29
24
31
27
18
36
18
17
26
25
18
23
28
20
19
32
18
26
32
19
19
23
18
15
34
20
30
17
25
20
30
28
21
21
24
25
22
27
24
30
30
23
25
25
27
17
26
21
24
18
21
24
28
27
31
23
24
24
29
23
19
26
24
23
26
24
27
24
23
22
22
30
35
34
20
26
34
27
25
28
19
20
28
29
28
22
24
18
18
29
18
27
17
19
25
41
22
26
21
20
28
24
25
17
15
20
34
21
21
27
23
33
24
27
23
28
19
38
18
24
20
18
23
25
20
23
21
26
26
26
29
22
23
20
31
26
28
25
18
33