92567
6825
3752
2616
2003
1676
1346
1160
977
929
837
774
711
649
601
603
531
512
485
447
454
453
393
407
420
374
359
326
347
314
325
341
316
341
292
269
274
278
241
232
262
277
243
260
243
235
230
233
239
214
220
216
216
197
227
199
225
206
169
192
198
190
244
194
186
196
187
187
204
181
195
174
173
159
193
177
181
184
173
178
169
174
166
162
149
176
188
161
158
161
167
181
133
158
145
132
163
144
154
132
154
161
149
154
163
143
172
155
140
139
139
161
138
145
153
147
148
131
145
151
139
146
143
123
141
124
141
148
162
161
130
128
148
127
133
128
137
134
151
110
117
149
130
130
146
128
148
129
143
108
146
135
138
139
126
133
104
128
124
122
118
117
107
132
127
135
138
110
128
118
131
138
107
141
124
141
111
134
134
110
123
110
147
124
123
117
128
140
116
128
116
142
122
124
110
106
117
133
119
113
97
122
112
102
118
107
122
126
108
121
104
104
109
124
101
125
108
99
101
124
104
93
112
127
115
114
111
105
124
118
124
115
108
120
117
121
115
139
117
100
104
114
98
106
110
132
107
129
115
109
137
107
109
109
103
116
112
111
116
105
129
121
103
95
127
105
112
108
102
93
115
116
91
100
129
96
104
96
115
114
136
100
101
114
106
112
94
114
94
112
88
116
100
114
94
94
105
111
102
109
106
109
112
117
91
97
97
100
109
93
115
116
90
120
104
85
111
114
113
113
94
110
132
93
118
104
104
97
122
104
90
109
112
114
90
104
105
109
113
97
93
94
116
90
96
103
112
103
89
105
106
112
111
117
81
97
97
114
106
101
96
94
98
86
99
104
111
101
84
118
96
88
105
82
95
90
108
99
117
121
111
90
108
82
96
91
97
90
96
84
105
105
102
113
95
99
97
108
97
125
109
96
105
102
85
93
103
85
100
114
87
91
98
111
103
110
125
100
111
98
106
110
114
126
86
124
107
97
98
112
86
92
121
95
98
94
81
104
85
95
96
110
111
92
90
95
99
82
82
97
103
111
99
101
129
98
86
113
93
79
86
89
92
90
101
91
94
96
98
96
120
97
100
93
74
91
96
80
100
110
130
96
75
104
87
103
98
91
101
95
94
113
101
82
81
92
105
95
124
91
92
98
82
99
109
101
92
102
81
81
81
89
87
96
95
83
74
110
79
80
90
98
93
81
96
96
109
67
102
102
119
105
88
87
90
90
114
85
114
90
93
112
111
84
104
87
91
104
86
81
108
82
94
87
107
89
76
104
88
85
107
94
107
99
78
107
108
97
99
100
95
115
104
87
98
95
80
87
92
94
83
93
89
111
107
96
120
88
105
91
132
102
86
57