423901
24532
14398
10338
8205
6931
5833
5199
4767
4332
4096
3838
3561
3417
3222
3156
2963
2917
2806
2805
2716
2547
2603
2478
2439
2363
2382
2367
2246
2239
2232
2253
2227
2180
2212
2180
2157
2072
2009
2040
1935
1987
1923
2006
2019
1929
1981
1958
1826
1822
1941
1804
1766
1815
1809
1809
1816
1759
1777
1729
1851
1676
1824
1750
1733
1802
1739
1723
1694
1721
1707
1710
1736
1659
1685
1618
1652
1638
1608
1758
1577
1719
1613
1654
1587
1593
1585
1603
1632
1622
1568
1674
1575
1569
1554
1583
1621
1584
1585
1520
1607
1565
1596
1602
1491
1544
1612
1561
1525
1555
1539
1580
1535
1553
1488
1517
1490
1473
1536
1548
1538
1517
1490
1529
1560
1489
1541
1531
1493
1513
1443
1499
1539
1469
1496
1492
1540
1526
1589
1446
1489
1533
1561
1506
1487
1565
1562
1435
1379
922