199125
12740
7236
4992
3860
3280
2766
2476
2105
1892
1794
1637
1527
1427
1368
1295
1252
1184
1124
1083
1033
998
945
959
967
912
901
849
816
792
778
766
738
747
774
738
769
682
708
704
655
678
698
672
621
628
706
651
596
638
564
593
598
603
571
607
536
570
556
554
562
530
575
565
543
533
533
505
524
536
561
532
555
509
498
509
548
480
519
533
489
535
499
507
495
472
466
496
516
480
444
467
459
511
485
455
483
474
432
434
484
475
490
461
439
436
452
463
448
480
454
463
433
433
424
455
448
510
447
424
432
480
435
410
450
427
459
384
462
438
430
431
461
427
436
416
431
434
422
469
406
405
408
458
417
445
438
405
424
384
402
461
389
396
401
421
418
445
410
427
406
406
411
393
381
409
430
398
406
425
424
374
389
406
396
379
418
399
426
408
391
413
416
423
385
409
434
386
397
370
389
394
360
398
386
425
400
418
398
401
359
383
380
399
373
369
390
369
417
375
381
362
368
393
377
415
359
383
375
419
360
380
367
419
358
373
387
374
387
387
371
369
380
352
410
356
397
412
372
393
369
367
376
375
400
379
368
376
374
390
375
364
372
390
377
375
379
405
349
369
408
373
374
387
363
371
355
364
365
343
358
343
361
388
394
351
356
389
392
383
362
401
362
374
409
389
348
371
389
373
327
380
342
367
390
371
367
365
348
374
55