429060
24633
14370
10111
8169
6867
5845
5286
4781
4418
4067
3821
3574
3416
3207
3158
3038
2969
2843
2712
2658
2625
2539
2550
2384
2417
2327
2390
2244
2165
2334
2196
2165
2168
2102
2133
2049
2035
1989
2035
2006
2020
1894
1922
1837
1957
1910
1789
1832
1938
1858
1851
1775
1829
1853
1806
1805
1863
1811
1714
1714
1744
1766
1758
1738
1782
1635
1721
1669
1744
1703
1640
1725
1655
1624
1630
1662
1638
1662
1627
1677
1661
1609
1636
1575
1736
1628
1569
1620
1591
1614
1611
1638
1610
1603
1515
1600
1569
1607
1574
1581
1534
1634
1582
1542
1577
1534
1450
1543
1562
1543
1544
1452
1546
1553
1498
1499
1569
1514
1537
1516
1507
1484
1462
1519
1455
1484
1519
1520
1489
1515
1490
1495
1458
1462
1518
1479
1537
1533
1491
1531
1545
1477
1466
1447
1516
1417
1443
1421
882