42517
3532
2037
1325
1056
784
675
625
530
440
428
402
368
318
296
292
304
247
222
241
247
201
189
204
184
177
183
143
151
158
118
159
144
141
112
113
141
135
114
97
112
102
118
98
109
110
101
123
103
108
97
100
109
91
101
86
94
98
86
72
84
77
63
84
71
76
97
73
66
66
75
80
62
60
77
61
82
66
42
65
62
72
58
72
63
63
67
65
78
51
64
68
60
52
69
59
66
53
51
60
71
55
46
51
65
54
52
54
51
49
48
57
47
60
59
54
43
49
56
45
42
50
50
51
49
53
53
44
41
31
46
40
42
51
42
39
40
40
51
46
52
51
47
35
51
41
35
55
46
42
44
38
59
42
42
43
49
38
43
56
40
40
40
43
37
37
37
39
40
38
46
45
44
35
38
33
46
26
42
40
45
36
48
31
34
40
34
31
38
22
41
37
43
49
37
39
32
51
34
43
36
36
36
47
43
44
41
43
41
43
31
51
29
33
31
38
34
31
41
32
41
51
31
35
38
36
30
35
37
35
30
31
26
34
55
44
44
34
35
41
31
42
41
40
44
31
35
35
30
42
43
33
39
33
31
36
35
30
33
23
44
36
28
34
31
37
42
41
50
23
33
28
30
37
34
18
38
33
42
28
26
35
31
27
39
24
33
22
32
35
38
38
29
34
23
32
38
29
33
27
36
31
37
31
37
34
35
26
26
37
38
32
34
22
18
25
29
34
41
32
29
26
33
19
32
34
26
31
48
27
32
25
28
31
26
34
34
34
32
23
32
29
38
32
25
39
29
35
27
32
26
35
34
23
24
31
28
32
27
32
17
30
24
23
30
24
41
38
29
24
38
29
27
32
38
32
23
32
34
31
30
32
22
33
31
32
27
24
26
35
25
34
41
23
31
30
42
31
32
20
32
23
17
24
20
28
18
36
32
29
27
24
32
23
22
26
27
29
25
31
23
32
34
25
28
32
31
40
22
27
27
29
29
34
36
33
29
31
32
28
32
19
22
23
28
27
19
23
36
25
33
29
31
31
24
33
32
24
28
34
18
31
36
30
28
29
26
22
32
34
37
25
19
26
23
33
32
24
27
23
33
28
27
25
33
21
22
33
21
33
18
31
26
31
32
34
36
33
26
18
29
22
20
24
17
26
34
23
24
27
23
28
30
19
31
29
23
24
29
20
46
20
28
22
34
22
21
23
33
37
30
25
23
23
22
21
35
25
23
21
16
39
17
20
20
30
32
25
23
19
24
19
21
32
25
23
29
22
28
26
23
23
23
24
26
21
23
25
18
22
29
24
29
31
24
30
27
23
19
28
31
24
22
29
33
29
24
26
24
24
30
29
28
24
28
28
25
30
18
27
28
28
23
23
32
27
23
27
23
28
25
18
32
20
31
25
29
38
30
33
47
30
24
27
46
18
19
18
24
16
27
41
37
24
29
32
25
23
25
20
33
25
24
20
17
17
21
25
24
25
23
23
34
20
19
27
31
23
22
30
38
27
25
20
25
24
25
35
29
22
23
27
21
25
29
17
26
26
25
24
32
24
26
35
25
28
19
25
19
17
30
42
28
23
26
29
23
19
24
26
22
14
23
23
40
19
30
30
21
24
24
28
31
19
29
25
22
20
27
26
21
26
23
24
30
26
25
21
22
23
16
23
30
23
25
35
22
30
23
35
23
22
28
26
18
34
25
25
30
15
23
25
23
25
29
27
28
21
18
29
21
22
18
24
16
28
29
20
30
26
32
30
22
19
29
27
25
30
22
28
30
25
32
22
25
28
31
24
19
27
23
25
18
26
19
27
16
21
35
29
23
28
26
26
27
26
24
21
17
18
19
35
26
23
24
20
23
25
30
22
24
25
28
25
20
20
18
18
19
26
19
22
27
29
28
28
29
25
26
24
27
22
32
31
19
27
23
31
16
23
31
26
31
23
23
27
26
23
28
23
19
19
24
31
33
13
28
24
25
23
20
32
21
27
29
30
28
21
18
31
31
23
20
15
24
20
30
15
24
30
25
20
24
25
25
24
37
20
26
16
32
15
20
27
26
19
31
34
18
23
30
32
20
31
19
22
21
26
22
21
17
21
33
23
27
21
26
19
24
36
17
26
21
27
26
24
22
21
26
25
22
20
20
26
24
26
21
21
33
22
19
24
23
22
32
21
29
26
28
21
20
18
18
29
21
18
35
14
23
25
37
23
21
19
33
23
22
24
16
15
17
24
25
28
19
18
16
21
19
24
25
17
24
17
22
17
15
22
23
23
25
21
18
21
22
23
26
17
27
29
20
22
24
19
28
25
30
27
20
17
16
23
22
21
26
22
25
16
23
37
22
17
23
17
14
25
25
23
21
20
30
20
26
26
21
17
22
21
33
23
26
21
27
19
22
29
18
22
16
23
11
25
13
27
27
17
30
23
22
27
26
27
32
27
23
22
23
29
20
20
19
30
33
15
23
34
30
35
19
21
14
33
17
24
18
18
17
23
25
24
26
25
21
21
16
16
27
25
36
24
23
25
15
23
18
23
24
16
25
22
24
29
25
19
30
30
22
19
25
27
19
18
17
20
26
35
22
23
21
23
21
21
21
23
27
25
26
22
29
34
25
20
19
24
21
29
24
12
20
26
28
22
21
18
23
24
24
34
19
19
26
28
30
19
29
30
16
27
25
28
15
25
27
29
21
19
18
29
22
21
19
13
1