421136
24485
14183
10127
8100
6779
5793
5189
4755
4394
4102
3685
3626
3370
3294
3088
2969
2931
2738
2791
2616
2519
2598
2403
2362
2342
2413
2283
2354
2275
2197
2245
2180
2184
2114
2048
2073
2088
2036
1931
2011
2000
1968
1956
1958
1926
1905
1949
2008
1870
1931
1866
1864
1962
1917
1837
1823
1858
1818
1833
1743
1771
1739
1773
1738
1679
1736
1739
1737
1631
1670
1779
1696
1712
1757
1673
1698
1619
1713
1611
1638
1726
1671
1550
1625
1711
1621
1710
1648
1604
1633
1577
1648
1607
1537
1593
1637
1524
1540
1557
1533
1613
1605
1535
1582
1554
1541
1525
1542
1606
1599
1558
1528
1488
1548
1505
1561
1562
1538
1550
1516
1511
1515
1495
1482
1543
1499
1526
1502
1520
1523
1451
1567
1489
1469
1553
1462
1417
1537
1525
1499
1481
1524
1475
1505
1478
1516
1489
103