201213
12756
7248
5109
3867
3213
2817
2317
2193
1923
1735
1625
1471
1373
1366
1316
1231
1162
1108
1046
1074
1049
935
981
980
880
819
854
850
828
766
794
775
743
734
737
737
689
743
686
654
694
652
662
569
623
653
665
584
622
591
600
579
559
549
589
582
513
539
574
495
548
529
549
541
585
590
547
529
508
550
537
537
520
543
492
516
501
493
503
517
503
514
503
489
513
513
516
524
505
499
487
485
479
511
466
482
504
467
465
450
450
431
487
483
462
485
485
477
456
422
461
487
434
431
442
431
469
478
462
463
441
479
422
416
394
406
449
414
391
422
425
448
442
421
456
458
408
421
464
443
444
453
423
400
405
429
408
430
398
430
427
406
429
405
428
390
402
430
485
421
425
447
414
431
443
425
417
412
424
435
385
418
409
421
362
418
389
423
409
372
388
392
419
391
401
396
387
404
445
388
381
382
385
408
399
372
396
378
378
410
411
375
444
374
376
352
404
429
373
402
374
374
384
392
388
402
409
375
419
395
412
384
391
387
376
396
349
394
399
386
330
411
415
365
386
394
359
394
379
368
377
378
386
412
370
380
410
355
396
370
352
353
394
386
377
340
371
391
385
389
339
365
365
394
355
357
395
379
412
378
342
387
398
374
367
380
409
347
389
357
372
364
343
405
385
362
407
364
380
351
366
348
377
363
360
376
286