42869
3696
1986
1301
1026
827
731
604
554
484
435
385
367
326
291
290
265
275
227
242
234
194
168
187
167
169
157
158
143
141
137
147
137
141
141
125
146
133
112
127
120
111
104
101
93
98
105
113
98
107
98
93
73
93
98
74
79
99
94
69
88
87
66
86
80
59
86
75
74
68
67
91
72
63
73
73
62
67
69
72
57
73
66
70
60
57
57
57
54
73
52
63
42
64
59
62
60
56
58
54
58
61
63
49
46
51
56
53
59
65
60
54
46
70
60
55
47
42
56
35
38
54
53
35
42
62
49
53
44
56
43
45
47
55
39
40
34
48
50
48
47
47
38
45
60
31
48
46
50
40
47
62
38
42
45
36
41
40
40
49
38
37
45
37
47
52
43
48
44
57
44
39
35
47
38
40
44
39
37
39
50
45
39
29
43
43
40
52
38
38
43
41
38
35
39
39
35
36
39
33
33
37
29
44
30
36
47
35
40
34
33
45
32
37
38
41
37
39
24
41
35
28
40
34
46
42
52
36
44
43
34
27
30
19
25
28
34
41
36
28
40
33
37
31
36
39
44
35
43
36
26
33
40
42
39
35
37
38
28
38
37
39
44
26
50
36
35
37
38
35
36
34
27
27
24
30
39
37
34
35
26
38
40
43
32
21
37
35
36
23
50
36
27
42
32
27
34
41
31
38
32
21
24
26
21
37
33
38
33
30
37
37
34
35
37
30
18
33
41
33
31
28
24
24
27
32
27
44
40
35
37
40
37
28
29
28
43
36
44
33
33
28
24
31
40
38
33
23
30
22
34
25
30
30
29
27
31
21
30
34
32
21
28
33
23
35
24
36
22
25
24
28
26
41
41
30
27
24
38
28
22
34
33
40
29
22
30
29
26
36
29
25
29
29
40
32
32
25
37
24
27
33
33
27
27
24
33
31
41
32
29
30
27
28
23
34
25
31
23
19
16
23
25
37
29
32
31
31
36
29
28
21
21
16
28
37
22
28
32
35
24
41
30
30
22
23
29
29
28
30
32
29
25
33
26
32
24
29
37
21
24
27
30
21
37
26
26
28
30
31
31
29
28
35
31
20
35
23
28
31
22
33
18
26
19
31
19
38
17
26
29
36
22
32
27
18
17
24
26
33
28
26
25
28
29
31
27
35
26
26
19
29
35
24
24
29
22
27
33
29
23
20
29
33
31
25
38
23
28
27
16
29
33
18
22
32
23
26
30
27
22
28
29
26
20
22
36
22
25
19
28
27
23
22
29
28
26
21
32
27
27
23
26
28
28
21
31
28
28
26
24
23
28
33
25
32
34
36
31
29
21
20
24
17
20
29
21
19
23
33
22
34
19
37
29
22
31
19
26
22
20
32
17
25
31
26
26
17
34
19
30
15
33
32
21
19
29
21
26
27
22
25
22
28
27
24
23
22
21
23
33
18
19
33
21
22
27
23
32
29
26
23
27
15
22
20
26
17
26
25
19
28
30
30
20
26
23
27
25
18
28
27
19
28
23
22
26
23
36
21
28
25
29
24
21
27
16
32
25
24
26
25
34
19
25
22
25
30
31
25
22
22
18
28
25
21
26
23
23
20
15
24
27
21
17
20
34
17
27
17
19
32
20
27
19
27
24
31
28
33
22
20
28
30
20
20
27
21
16
26
28
17
26
25
21
42
20
22
25
22
22
21
22
30
24
23
18
22
23
20
23
24
34
27
22
19
14
30
20
26
16
26
19
30
18
25
27
21
18
24
22
22
26
18
22
20
29
30
28
19
20
26
21
28
29
24
24
18
19
21
16
23
15
26
32
15
24
32
17
29
28
22
22
18
32
27
31
24
21
24
16
19
30
20
28
19
16
24
22
22
35
33
20
26
25
27
26
22
37
25
22
24
20
21
25
19
24
26
30
22
28
25
26
28
26
16
24
20
20
15
25
15
29
23
26
22
22
21
30
19
25
16
24
17
20
20
16
27
16
29
29
27
26
17
20
31
22
22
25
26
23
28
26
28
23
12
21
12
16
27
24
24
23
26
22
29
35
23
25
26
27
18
19
24
21
15
28
27
18
27
25
21
23
13
22
30
29
20
29
23
18
25
29
24
22
23
19
23
17
23
21
23
34
18
23
19
24
29
26
19
33
20
25
18
22
20
25
30
22
24
25
27
26
19
22
27
28
29
26
20
22
19
17
21
20
23
22
20
16
28
14
26
33
27
20
20
26
31
20
23
21
40
19
25
22
23
17
31
22
24
23
24
18
18
32
17
22
24
17
23
25
28
17
24
20
25
20
21
35
20
20
25
24
17
17
18
21
17
22
23
24
29
20
19
23
20
27
26
18
25
22
23
29
19
25
21
28
30
26
20
31
26
18
22
18
18
24
17
21
13
22
29
34
16
19
22
26
23
20
22
26
32
20
26
21
23
23
26
18
25
20
20
23
11
16
24
24
21
25
32
20
23
21
19
24
20
21
27
24
25
28
28
20
24
21
19
23
32
16
18
30
25
22
31
33
29
25
18
22
23
21
25
16
22
28
20
28
18
19
20
20
28
20
24
29
12
15
16
26
21
31
16
19
20
28
19
26
31
24
21
22
28
27
31
21
25
22
18
30
10
25
15
24
18
20
20
20
23
21
23
32
20
19
23
25
24
16
25
24
30
30
22
33
22
24
25
25
18
30
15
26
18
26
20
29
16
17
26
21
22
24
22
20
17
20
21
31
20
21
18
16
27
20
20
23
19
19
24
17
15
18
20
12
18
28
24