94172
6729
3706
2590
2024
1660
1374
1150
1014
925
813
787
697
645
580
570
531
504
505
483
433
434
422
377
391
362
352
317
347
314
349
342
288
329
290
277
249
268
261
275
250
289
256
242
268
210
216
216
231
221
210
221
212
226
214
215
196
222
222
201
201
182
191
191
179
183
190
185
192
215
183
195
166
166
165
169
151
150
181
175
184
174
195
147
184
179
153
169
184
167
146
147
148
162
164
166
143
133
140
160
165
143
153
134
170
161
148
156
156
141
161
155
150
146
129
130
150
122
130
141
128
145
133
160
123
136
129
158
145
146
145
119
139
145
141
133
118
128
136
134
138
133
122
147
120
122
139
123
154
118
112
114
142
129
140
128
151
123
119
149
128
123
133
131
119
111
112
137
118
129
151
112
121
127
114
110
109
102
110
107
120
129
127
123
135
113
119
122
110
130
128
114
136
106
121
116
121
111
111
130
107
107
132
113
116
127
111
105
101
122
121
108
113
114
117
116
124
109
107
121
119
119
119
120
109
108
106
90
115
107
124
113
108
114
109
118
108
119
121
99
108
113
109
105
115
124
123
105
115
114
115
112
104
105
111
102
98
118
102
104
109
119
126
116
111
98
105
96
120
93
111
104
114
116
111
106
103
109
93
100
110
114
103
102
107
117
106
113
111
110
108
106
88
110
120
101
101
105
107
86
102
94
97
111
93
75
88
94
100
96
112
104
126
109
123
118
105
114
120
110
114
96
112
116
100
87
117
107
110
105
95
119
106
113
96
110
120
120
100
107
96
104
105
87
130
99
93
90
125
96
107
118
89
111
97
97
96
109
93
106
103
94
99
116
100
87
85
96
111
112
95
81
91
119
108
84
99
115
99
106
97
113
87
97
91
80
113
98
102
97
89
103
102
131
89
98
75
94
93
89
82
93
106
103
97
91
99
100
104
97
111
107
102
91
92
104
93
107
86
109
121
94
97
102
96
94
112
106
94
98
88
93
89
104
105
97
78
103
97
88
89
103
96
98
90
111
106
91
92
127
97
105
99
86
88
104
108
86
94
100
86
99
95
79
94
81
97
90
93
79
96
98
91
110
94
88
89
93
101
96
88
85
104
91
75
90
89
118
96
76
94
98
88
112
109
79
83
89
94
108
97
98
103
99
90
78
87
94
97
98
108
91
103
105
107
97
93
76
108
100
99
83
94
85
85
116
91
88
109
80
99
93
99
84
91
84
92
86
80
88
109
97
98
87
103
99
83
97
93
99
83
99
93
92
106
96
101
89
99
95
81
100
79
96
85
93
76
89
78
81
102
83
106
120
80
87
81
93
91
92
100
92
101
88
88
79
88
100
91
101
87
82
82
123
102
87
36