86661
6705
3672
2613
1924
1614
1298
1144
1016
883
887
758
745
652
585
585
514
505
560
479
457
428
418
389
392
387
328
337
326
331
333
329
342
296
271
293
275
288
275
258
271
271
272
259
256
239
262
211
235
223
242
225
219
206
207
188
218
196
228
239
189
200
205
211
207
204
197
193
191
187
200
175
203
171
174
168
179
171
178
176
193
180
163
139
185
159
187
178
149
191
163
145
143
148
161
171
139
180
163
174
187
141
149
149
150
178
133
169
161
134
155
153
120
149
148
141
157
140
134
160
127
128
149
128
142
141
142
132
113
150
127
144
127
132
133
130
123
123
134
164
139
110
118
120
146
151
144
152
158
147
148
121
150
133
122
156
127
121
134
128
129
126
126
126
124
129
109
124
117
141
133
114
112
118
118
132
135
122
126
125
108
127
121
123
127
139
104
124
113
120
121
104
129
111
112
114
130
114
123
109
109
125
107
117
120
105
126
135
145
112
104
118
115
107
124
127
99
100
124
98
118
145
120
102
113
119
136
94
112
150
112
115
106
112
100
108
118
113
108
122
111
121
108
117
97
116
131
110
120
108
110
108
100
117
139
109
108
120
102
102
121
116
98
128
97
93
119
109
114
120
122
102
99
110
124
106
100
111
102
96
116
91
111
112
123
118
109
122
111
107
120
112
131
95
114
100
122
104
104
109
110
108
127
111
105
110
119
102
104
109
109
100
112
98
101
108
123
95
123
120
99
124
121
113
106
105
91
102
101
103
95
103
98
111
94
128
93
113
108
111
111
108
128
118
109
109
110
107
89
102
105
131
126
108
103
108
97
109
100
84
96
100
102
105
114
103
100
89
104
94
99
113
101
90
91
117
93
102
89
114
87
102
106
113
123
88
113
96
98
93
109
108
101
102
99
104
105
108
102
86
114
90
103
101
102
103
93
87
87
94
96
101
101
91
95
99
93
96
111
79
103
103
93
100
100
91
80
93
105
90
91
108
92
96
99
117
100
111
110
101
121
112
101
101
107
111
104
92
84
97
101
97
83
104
108
106
101
91
107
100
105
103
105
93
100
123
103
99
86
106
81
88
106
100
101
78
102
106
91
83
98
93
74
106
124
92
101
94
115
98
106
80
105
96
108
119
96
93
92
98
102
93
100
112
90
105
111
94
87
100
86
101
103
100
103
76
98
91
87
104
98
105
107
99
92
100
101
84
79
98
88
97
89
103
99
112
95
110
92
83
92
96
97
113
109
90
92
112
112
74
89
95
89
94
117
89
85
105
89
105
114
6