85827
6529
3634
2614
1972
1598
1321
1197
1029
883
852
745
708
642
653
556
559
544
468
457
474
453
431
403
380
358
351
360
376
339
347
321
309
294
297
285
258
277
279
264
270
262
242
232
263
239
237
236
245
247
213
232
238
230
221
213
209
221
193
199
194
197
191
211
183
188
214
182
187
167
166
166
193
180
160
181
174
184
156
156
160
172
179
191
180
170
135
175
170
156
168
148
154
160
170
158
151
165
155
130
134
179
174
153
135
145
159
140
148
153
159
159
155
152
169
151
141
142
159
147
163
113
129
141
149
128
154
143
126
102
140
123
125
133
133
151
148
130
138
119
162
135
150
125
145
150
133
132
140
124
133
128
125
128
127
136
136
127
133
127
132
126
128
121
124
116
119
138
114
140
112
108
132
119
114
128
117
131
118
137
109
134
117
115
126
103
132
129
124
102
110
112
129
122
120
117
116
131
109
114
131
118
125
132
118
136
118
115
120
127
111
135
102
115
118
116
148
108
120
96
114
117
147
130
110
109
137
110
111
117
135
129
110
110
97
130
124
123
123
137
99
134
109
120
108
124
124
118
113
144
124
128
130
103
134
121
108
109
114
102
118
133
112
117
150
107
102
119
105
116
109
142
139
106
120
108
102
133
105
98
118
112
104
83
114
100
110
106
116
141
99
119
100
108
116
106
105
119
111
125
100
103
102
113
105
114
89
89
116
105
113
110
119
117
88
116
105
86
118
123
107
110
117
104
108
97
103
95
97
109
115
104
106
112
117
109
108
113
100
123
90
101
94
84
90
103
96
105
105
106
108
103
113
107
114
104
128
107
115
102
108
102
110
111
83
94
91
105
95
102
103
107
117
91
123
89
114
114
111
105
109
119
100
103
94
101
128
110
85
84
105
102
110
109
95
106
101
123
103
111
103
106
123
93
112
97
96
109
105
110
108
98
97
110
119
103
113
114
104
109
91
100
121
99
107
110
115
92
98
125
108
106
101
107
108
94
95
118
95
110
94
103
106
106
110
98
79
117
90
108
114
93
99
101
90
114
93
105
94
102
85
110
99
104
111
93
114
109
102
108
98
95
107
121
82
105
98
113
96
96
102
82
102
97
96
109
100
105
105
126
98
109
97
92
107
73
99
106
97
106
91
110
86
100
89
97
84
84
100
94
77
106
109
100
108
106
96
78
96
95
88
104
90
97
96
93
95
82
78
112
89
100
79
97
114
113
102
99
97
105
109
114
98
88
98
101
104
112
94
111
102
110
98
104
112
97
57