87616
6271
3609
2400
1908
1543
1297
1067
991
836
837
716
660
649
591
590
489
510
482
420
442
405
388
390
372
374
351
318
339
297
326
277
300
274
261
295
266
274
277
285
216
274
253
256
261
200
262
245
223
258
208
220
212
210
210
212
208
250
209
185
202
184
204
204
177
193
151
192
166
194
191
173
161
176
179
191
156
187
169
165
148
176
159
163
158
168
152
164
156
155
137
176
153
157
155
159
156
159
151
164
160
144
152
150
138
140
129
146
156
124
140
118
142
127
137
115
143
134
152
128
147
144
130
113
137
141
145
135
113
136
119
122
133
147
105
129
147
147
129
138
113
117
127
123
139
125
137
142
114
109
117
135
121
129
105
128
125
119
119
138
107
112
128
128
133
127
128
130
141
95
118
130
123
112
146
128
104
117
116
134
134
122
126
135
112
139
121
115
115
118
109
112
106
98
123
114
120
132
114
122
116
123
122
130
102
127
103
122
105
124
121
119
107
107
98
124
107
96
113
106
132
114
122
116
118
123
102
110
110
125
147
102
109
125
96
109
108
104
103
111
114
96
104
90
118
105
109
107
116
129
105
103
92
111
120
122
107
114
103
117
108
108
96
115
131
99
96
121
101
106
97
92
115
110
90
114
107
108
114
111
118
130
102
101
106
86
103
92
93
105
100
103
115
112
96
100
112
97
107
96
101
88
109
95
101
124
101
95
109
87
108
114
119
108
102
112
114
109
113
95
94
99
106
111
107
95
109
107
99
99
99
123
104
119
74
90
120
117
106
121
128
102
102
94
112
121
92
100
98
116
110
120
113
91
96
100
104
96
117
96
95
102
97
109
102
99
102
107
115
91
99
96
93
111
104
79
100
104
110
99
108
98
101
108
93
115
113
91
89
94
78
98
100
95
96
97
105
99
87
88
81
91
95
81
84
97
114
108
120
105
85
82
79
91
100
107
101
84
101
95
106
97
95
84
103
89
99
100
91
98
102
97
96
91
98
80
86
83
103
96
97
109
109
98
92
93
83
87
84
108
97
88
90
107
92
99
118
92
81
95
89
93
93
94
84
89
91
91
98
95
92
86
87
112
101
99
88
101
95
90
85
114
111
102
92
86
88
104
99
89
91
88
102
80
92
90
94
99
105
93
94
88
95
100
82
102
91
81
103
95
81
106
119
91
106
108
112
112
92
96
100
88
96
93
101
107
81
96
92
101
72
99
82
93
84
97
102
97
96
96
79
93
108
99
98
98
94
115
108
93
102
97
89
105
76
98
97
101
95
92
101
108
115
106
91
90
78
91
99
97
14