97223
6068
3496
2464
2014
1653
1392
1268
1142
1066
939
903
805
882
801
702
746
683
631
651
632
624
623
587
576
553
529
534
577
505
472
470
493
536
519
475
487
456
458
503
476
437
437
483
431
471
449
467
409
419
416
435
444
442
423
428
400
378
403
405
408
403
393
396
420
377
416
387
354
395
394
364
409
375
369
407
403
365
362
362
356
362
366
346
341
376
391
348
350
335
363
381
335
347
373
363
366
386
330
382
341
348
312
347
349
374
343
331
405
356
328
367
369
341
359
328
331
383
353
335
338
324
331
338
311
337
294
323
334
327
349
352
352
348
344
334
312
335
364
321
323
326
341
334
316
325
320
348
323
338
334
316
318
323
353
328
303
320
328
330
348
313
324
321
337
340
317
309