97901
6090
3537
2487
1972
1637
1484
1209
1159
1053
982
909
830
818
764
724
770
715
695
644
619
584
604
585
532
568
511
598
531
477
521
505
434
520
471
486
494
486
483
462
474
485
458
420
463
447
399
428
454
420
421
427
408
423
412
354
426
449
417
430
386
389
373
417
390
398
406
421
390
370
394
373
412
355
372
377
376
378
375
407
373
339
371
378
411
382
371
395
342
371
369
399
347
346
377
346
403
369
383
330
351
359
334
378
350
329
355
346
342
344
372
337
383
329
342
322
360
362
315
346
319
353
339
358
304
334
337
363
321
338
322
350
344
366
329
294
344
302
310
340
330
348
304
345
377
359
338
308
348
352
281
323
315
310
325
304
350
320
340
334
334
323
304
330
329
310
362
116