91398
6237
3637
2579
1954
1626
1371
1137
999
936
849
791
773
678
654
600
588
559
544
500
483
494
452
421
438
414
420
390
378
382
385
388
346
356
359
352
356
320
332
318
311
328
296
285
309
304
275
278
287
259
279
262
282
286
263
274
292
264
276
292
276
262
252
259
255
257
258
267
241
245
237
232
245
238
232
238
226
238
250
224
233
222
224
199
222
256
235
219
224
228
229
217
198
232
214
203
228
186
216
183
222
206
216
229
188
217
220
210
226
203
220
217
196
205
211
232
200
189
206
193
190
205
203
210
211
202
224
167
193
201
186
199
212
183
186
191
179
206
173
183
184
183
168
185
190
201
199
208
201
221
178
178
207
212
186
185
175
181
188
184
186
168
184
210
191
178
187
221
201
212
176
197
187
205
196
198
208
180
193
179
181
170
174
194
197
208
180
208
160
166
186
181
178
158
179
172
189
172
164
175
159
171
160
181
195
182
179
165
164
201
175
181
182
224
175
167
179
172
174
187
169
199
194
174
177
153
167
172
179
206
192
146
161
154
155
187
170
177
176
183
173
170
193
183
179
182
149
176
176
179
182
187
168
158
175
190
188
174
156
181
170
159
180
180
142
171
172
152
160
154
177
162
186
167
163
170
169
165
179
178
184
145
151
156
158
172
174
156
159
166
162
172
164
133
158
176
157
160
150
165
154
189
150
159
184
201
179
145
155
172
133
161
165
156
162
164
164
179
160
160
142
158
166
188
166
150
158
174
169
184
166
173
193
64