98357
5926
3453
2412
1915
1693
1410
1213
1147
994
933
899
812
783
705
722
697
633
636
593
582
607
571
576
554
534
518
504
504
523
494
498
524
507
466
452
470
437
458
470
435
445
451
430
414
407
414
431
410
404
405
415
417
424
362
400
370
391
368
372
396
324
369
386
358
376
357
367
382
331
355
379
362
350
324
354
354
369
354
347
352
355
349
355
384
325
331
338
327
349
340
358
340
326
349
311
356
324
381
327
342
335
337
393
331
352
351
314
371
337
337
331
325
338
303
327
355
301
311
331
336
308
316
325
334
309
318
341
313
317
306
336
300
289
330
327
315
309
318
302
322
309
327
321
312
306
269
300
324
297
316
322
316
320
308
315
337
286
350
332
308
335
317
332
316
334
328
275
300
320
307
320
5