90557
6272
3531
2544
2061
1605
1336
1209
1088
961
824
809
714
655
627
590
614
553
530
515
475
489
448
445
419
443
409
440
367
374
368
359
331
358
324
377
349
336
335
340
334
337
327
287
288
292
300
287
310
296
267
285
274
282
297
254
244
237
270
278
288
271
277
283
261
261
242
238
240
253
236
221
261
227
237
232
223
233
237
248
215
231
231
223
223
219
249
245
230
218
226
219
196
245
215
221
202
202
207
199
199
215
228
191
226
186
203
202
220
197
180
203
189
193
186
204
220
225
199
207
167
192
190
232
207
176
214
205
195
196
196
216
195
201
172
202
213
212
187
181
194
202
210
186
170
198
204
203
167
207
169
183
174
200
188
199
169
187
189
192
211
203
171
174
202
205
185
179
187
171
205
209
184
172
196
175
192
188
167
183
176
172
161
198
143
214
186
182
175
185
176
187
193
199
194
175
149
177
173
181
189
183
180
184
191
162
180
182
196
172
193
171
167
208
205
187
159
210
179
159
189
186
170
172
164
171
171
190
183
181
186
171
184
188
173
174
164
165
192
174
184
160
182
170
179
203
181
187
163
161
164
182
192
180
152
163
171
187
146
181
151
173
169
169
146
153
172
174
174
199
161
160
156
167
162
170
169
163
138
178
171
143
169
149
165
189
157
174
167
178
161
162
149
162
153
160
161
169
170
156
167
151
164
161
167
181
159
169
148
143
184
139
173
169
169
144
163
177
154
173
177
183
159
155
178
170
161
154
173
157
175
159
185
148
40