92260
6255
3448
2490
1916
1504
1281
1152
994
927
906
741
696
677
623
551
537
539
514
475
500
462
417
405
394
391
406
388
354
354
350
389
364
362
342
308
320
323
306
317
323
303
302
315
299
271
298
272
287
266
237
255
253
256
257
256
259
248
241
244
232
265
268
239
222
224
237
236
197
228
227
239
203
231
218
225
256
241
238
218
205
211
232
216
231
209
223
231
212
208
215
219
220
183
222
215
187
200
191
194
194
175
202
214
198
213
205
221
209
159
197
219
196
192
184
188
214
210
183
179
200
183
191
194
182
195
184
166
192
190
199
170
207
187
191
188
217
202
187
214
198
171
164
196
190
190
187
176
196
196
168
186
185
175
192
193
201
187
167
181
154
192
183
173
189
171
178
182
176
169
167
169
174
157
171
180
193
163
161
190
204
156
177
167
176
171
187
156
179
145
159
156
167
150
161
164
190
163
154
155
168
171
164
183
169
175
144
182
161
151
165
175
161
153
171
151
158
157
163
152
168
155
187
166
140
177
155
196
159
146
153
145
144
152
160
148
157
184
179
166
165
152
170
161
149
176
184
157
181
141
158
164
145
148
160
167
179
161
177
167
173
156
171
154
160
162
165
156
156
150
171
158
132
182
141
146
163
154
169
142
153
148
162
138
161
159
146
165
148
155
155
146
170
142
175
153
168
157
165
153
157
156
167
156
156
168
148
168
164
153
156
181
159
148
151
143
167
159
151
164
164
154
168
169
150
140
152
148
163
142
149
148
155
139
153
156
163
136
155
164
142
165
158
143
107