398834
23699
13728
9894
7757
6642
5669
5105
4729
4152
4034
3732
3511
3382
3194
3031
3020
2919
2816
2650
2581
2572
2494
2377
2409
2362
2300
2368
2221
2178
2231
2145
2134
2176
2110
2135
1990
2027
2023
2075
1931
1948
1949
1915
1950
1925
1898
1912
1880
1866
1847
1834
1767
1801
1866
1803
1819
1807
1788
1779
1759
1787
1772
1797
1833
1750
1708
1734
1804
1701
1725
1669
1704
1656
1702
1678
1704
1639
1728
1693
1587
1602
1593
1574
1605
1604
1540
1672
1589
1657
1564
1520
1559
1577
1606
1622
1587
1514
1533
1606
1613
1590
1550
1530
1606
1617
1552
1582
1608
1472
1522
1511
1570
1441
1473
1518
1534
1528
1529
1544
1460
1519
1551
1520
1468
1508
1488
1555
1491
1482
1496
1545
1453
1469
1471
1550
1463
1451
1445
1500
1533
1463
1476
108