185987
12602
6986
4992
3887
3207
2622
2430
2162
1893
1775
1605
1513
1429
1372
1327
1194
1158
1134
1117
1014
1028
1010
952
942
932
940
834
843
783
806
817
754
747
700
755
722
747
667
727
674
670
627
683
633
674
640
647
658
601
631
631
600
571
593
626
601
552
607
597
598
594
601
545
597
556
554
533
592
541
550
541
533
547
538
525
569
539
523
538
521
535
504
519
495
500
505
513
533
506
474
512
493
479
516
500
491
490
493
462
507
479
506
446
502
471
496
495
473
497
497
450
459
465
492
459
490
499
478
471
467
450
455
452
477
429
454
467
462
428
466
447
502
462
457
442
447
416
431
461
440
435
466
444
446
451
424
459
463
427
506
494
446
416
397
429
459
449
402
406
460
429
452
433
433
419
429
432
462
478
413
387
416
399
451
452
427
403
441
429
438
440
473
433
415
416
423
397
428
431
379
404
408
410
402
405
421
398
431
404
407
442
412
424
403
393
398
407
449
445
422
374
424
391
369
444
388
408
420
396
408
417
427
377
421
388
376
406
395
409
404
383
391
386
408
373
381
391
396
404
419
398
375
402
374
410
413
401
399
387
372
384
418
378
404
445
386
419
423
386
397
388
362
426
376
398
370
371
377
400
361
372
409
409
398
407
386
382
52