39528
3586
1900
1439
978
854
720
602
484
503
389
361
342
348
288
288
265
240
256
223
197
180
229
190
156
173
151
161
140
162
121
140
116
135
128
127
124
139
98
124
113
106
98
124
83
105
89
85
117
90
105
104
82
101
86
87
88
89
81
83
75
78
77
66
75
67
91
60
82
76
70
85
68
67
74
63
64
55
64
71
76
76
65
60
50
61
54
74
67
59
64
67
59
57
57
56
62
64
60
55
53
62
62
53
42
47
58
57
46
63
66
50
52
48
65
46
47
50
52
48
62
52
58
45
48
41
51
49
44
45
46
53
46
55
52
51
44
47
49
54
43
41
43
40
41
49
39
45
53
49
49
46
35
37
38
36
45
47
39
47
39
46
46
49
48
36
38
37
37
33
45
35
43
39
46
48
31
42
47
45
45
44
45
35
48
43
42
39
39
40
38
34
27
37
41
45
30
31
43
44
24
43
34
36
40
35
33
41
42
50
47
41
37
28
33
36
26
33
37
31
35
36
37
35
41
29
37
30
32
28
30
39
41
26
35
37
42
43
30
30
37
37
43
47
31
27
32
34
43
37
44
32
35
33
43
33
36
45
42
37
35
30
43
25
34
33
32
34
36
46
33
43
25
32
37
37
34
27
27
38
38
36
38
46
24
43
33
27
39
35
36
26
19
31
28
34
34
27
20
45
37
35
34
39
33
36
39
31
33
38
40
38
37
38
34
29
35
29
30
35
37
28
31
31
33
31
35
20
23
40
26
28
28
35
34
43
36
17
33
41
25
38
22
29
34
28
22
35
22
27
30
32
31
27
30
33
34
37
38
39
36
39
38
32
16
34
23
26
30
25
30
30
40
27
26
29
35
37
23
26
31
28
28
36
32
32
28
25
22
37
33
34
37
31
39
26
44
39
37
28
29
29
32
32
26
38
26
21
28
29
22
34
34
27
23
28
28
26
37
31
23
33
35
26
29
28
28
20
31
24
28
32
35
26
26
30
26
30
28
39
26
26
31
35
24
23
31
36
23
33
27
32
21
23
28
25
37
30
26
27
20
23
28
28
27
31
27
27
38
35
31
32
16
31
27
29
26
27
25
30
33
20
18
25
28
31
32
23
33
21
28
41
30
29
33
25
30
26
34
25
35
28
30
24
24
29
28
19
32
26
30
17
28
25
21
38
39
22
27
35
22
31
27
30
25
27
24
32
27
26
25
26
23
27
23
36
18
26
22
29
31
29
31
35
26
35
29
20
26
31
37
21
26
29
25
26
18
26
22
25
25
25
22
18
26
25
25
25
31
30
34
27
23
29
40
29
36
26
35
32
32
24
26
28
26
30
26
17
23
19
28
30
29
23
20
26
28
40
27
22
36
22
28
31
27
28
26
25
24
22
28
20
29
38
24
36
21
19
28
36
30
28
26
24
33
24
31
31
27
30
31
24
18
32
26
24
31
27
37
20
37
24
27
28
28
26
26
30
30
27
31
32
32
29
19
17
24
19
28
27
23
23
27
21
24
29
22
29
30
21
23
36
24
21
27
37
31
21
35
27
24
18
34
30
36
19
23
35
31
15
41
22
33
37
26
22
18
30
25
23
20
17
31
22
16
28
37
25
27
29
29
19
22
30
24
26
21
18
22
29
25
31
28
23
31
26
24
26
20
27
24
36
28
30
22
21
34
26
29
16
31
23
30
23
24
24
33
25
27
30
24
32
20
27
30
26
22
26
30
25
22
25
25
23
28
27
24
23
30
30
32
35
16
24
21
27
36
29
16
23
30
24
25
34
35
34
31
22
28
25
33
29
33
30
29
24
24
26
31
37
26
19
33
25
30
29
26
20
25
26
25
25
24
22
23
27
32
26
24
23
29
22
30
24
27
16
38
28
28
23
24
27
26
22
26
33
22
32
32
25
26
22
22
26
23
26
24
25
32
28
26
35
18
17
28
32
27
18
21
20
25
28
25
22
19
20
40
22
28
30
21
22
26
21
24
21
29
25
27
18
30
24
25
17
18
27
43
24
19
21
24
31
28
26
18
21
24
16
12
27
15
27
15
28
28
29
20
27
31
33
23
22
25
24
40
25
22
25
23
26
24
17
28
23
22
19
30
29
31
24
28
18
20
23
27
26
17
31
19
24
32
27
25
22
20
32
24
24
33
23
20
26
23
22
21
19
19
23
26
36
28
30
23
27
18
24
26
27
24
26
22
19
20
24
33
21
18
27
31
28
30
24
23
29
27
18
25
17
18
24
20
19
33
18
28
26
34
28
23
24
20
30
26
20
22
21
17
20
35
27
26
11
22
26
26
38
25
21
21
22
26
27
28
24
27
34
23
31
22
26
13
31
27
27
20
29
21
25
30
36
27
21
19
30
25
30
32
29
24
20
22
28
23
32
20
22
25
21
26
23
32
24
19
25
26
19
19
22
21
18
18
27
20
35
23
27
27
17
21
34
35
27
26
21
26
25
21
30
24
24
20
28
33
27
25
27
21
16
23
34
28
22
20
30
24
29
22
22
28
18
32
20
20
15
12
22
29
25
27
24
8