87129
6494
3611
2490
1895
1560
1353
1110
1036
897
817
726
675
655
637
544
543
480
443
445
448
451
379
377
377
363
333
331
345
340
325
314
316
295
305
269
298
250
273
253
251
220
254
257
230
220
248
223
218
212
220
192
200
213
199
194
207
227
201
204
201
208
156
213
208
191
180
163
190
182
189
181
164
177
165
183
157
166
169
160
173
178
156
164
148
151
138
156
176
143
143
150
157
153
153
155
156
154
169
145
136
172
154
145
132
134
162
149
143
136
155
142
154
122
145
141
141
130
154
132
130
129
139
134
126
129
138
129
118
133
137
134
172
125
130
128
132
135
120
121
127
115
133
134
123
120
143
140
121
136
115
130
135
144
125
123
106
140
131
118
115
109
127
134
116
125
126
120
134
125
122
123
122
141
125
114
131
123
117
111
121
116
116
126
129
134
108
111
109
100
119
120
121
124
129
144
108
103
128
130
125
118
121
99
103
107
118
124
144
113
127
91
118
110
136
111
106
134
114
121
118
108
116
101
102
125
104
122
113
114
94
90
96
117
122
120
111
124
106
117
114
128
108
111
111
104
116
115
121
110
103
108
103
114
113
106
104
117
115
113
106
98
101
112
108
124
110
109
113
106
130
111
114
102
117
114
111
89
106
98
109
104
112
109
110
107
104
106
115
102
98
109
113
101
90
101
110
103
105
101
100
111
121
94
105
108
102
100
102
99
92
80
95
119
106
101
99
106
90
105
93
117
86
81
96
113
103
106
109
105
111
113
118
102
82
103
93
96
95
99
97
102
92
100
96
103
87
91
105
109
88
101
102
111
106
74
107
108
110
92
112
101
115
101
91
78
98
102
104
117
78
101
107
105
90
105
101
87
102
92
111
122
95
96
87
87
96
99
96
104
83
82
87
109
106
80
100
92
86
106
100
107
98
98
95
99
86
87
96
97
92
97
124
105
92
79
93
103
87
99
110
83
95
86
95
121
91
113
88
97
84
97
88
86
96
81
93
91
96
93
106
102
90
99
86
99
92
90
100
91
70
100
107
110
100
99
73
87
93
101
97
81
96
113
84
95
86
93
84
98
105
89
94
104
88
99
95
88
88
92
93
108
84
82
91
101
89
106
98
107
82
87
93
97
72
87
76
85
90
91
81
80
99
90
77
94
85
111
76
89
72
86
99
107
88
108
97
108
94
96
96
82
93
79
92
95
74
72
86
89
95
83
95
85
110
83
108
93
77
82
96
101
111
88
92
77
101
68
91
85
94
99
94
101
96
112
85
93
96
93
95
93
92
80
84
94
94
93
100
89
87
102
72
79
81
91
13