86528
6568
3777
2573
1995
1603
1329
1148
1039
916
872
748
642
648
620
559
566
495
502
493
468
435
400
385
363
350
391
325
329
337
335
332
309
313
307
276
298
248
254
241
238
237
249
270
248
259
206
242
228
224
201
242
203
197
220
212
222
217
192
225
194
211
192
215
207
199
169
200
183
197
179
162
194
162
177
193
186
175
192
178
164
174
171
170
195
147
190
163
174
162
154
158
159
167
157
165
164
162
158
144
159
161
178
145
133
165
140
176
145
148
151
144
131
143
166
152
157
148
133
134
140
136
131
142
155
138
148
121
127
177
138
125
123
142
140
134
150
142
136
136
128
130
157
122
133
134
132
119
159
121
133
158
132
130
127
138
131
120
131
113
112
125
157
127
156
124
118
122
124
129
124
131
127
126
121
134
126
129
134
131
143
115
124
130
121
138
128
118
110
137
133
137
120
99
144
122
113
118
125
114
122
110
121
142
125
118
128
145
111
131
118
137
122
116
101
139
108
133
132
125
120
100
113
129
116
117
119
106
122
106
117
97
116
130
99
113
114
108
113
104
127
104
109
116
125
122
112
127
109
112
103
111
121
111
120
129
110
99
100
112
98
114
128
142
124
125
108
94
109
98
117
129
99
99
115
118
98
105
84
114
125
111
114
114
103
110
106
135
112
103
111
108
102
122
133
110
107
129
118
124
112
87
105
131
138
106
102
133
108
108
96
121
101
94
116
125
124
118
99
96
118
108
110
95
128
118
109
133
93
115
118
114
110
107
104
87
119
90
101
131
123
117
114
105
112
115
112
104
108
94
113
98
106
109
93
110
102
117
89
123
108
115
114
93
84
105
122
80
103
97
93
99
107
115
110
99
105
117
104
100
109
108
113
105
99
102
104
94
99
111
97
102
91
94
123
116
111
111
102
106
121
76
108
97
93
83
107
111
110
128
105
100
109
99
104
113
103
106
87
93
97
101
111
93
91
88
109
96
93
96
99
108
105
80
101
90
94
95
130
84
86
116
102
97
83
95
93
100
91
102
104
88
103
92
105
107
75
99
89
102
102
101
91
95
100
92
102
99
93
97
103
102
120
90
104
96
110
116
95
90
102
97
82
103
98
101
96
102
92
92
102
86
118
111
81
98
90
108
108
100
101
104
98
102
125
105
97
104
92
98
95
88
91
93
104
96
108
98
102
105
111
79
73
89
96
85
105
91
88
100
115
95
87
84
109
98
110
95
87
83
99
117
104
92
102
95
101
102
114
108
99
94
94
87
100
99
103
53