86013
6621
3750
2661
1962
1541
1355
1159
1014
927
826
715
702
676
591
568
558
536
517
448
457
456
391
372
412
385
363
343
319
317
349
311
268
348
297
285
295
261
266
298
247
245
255
248
260
241
235
219
203
236
232
215
229
216
205
202
206
218
208
213
195
182
183
172
191
212
194
169
202
186
203
177
178
188
173
161
174
189
198
152
164
187
164
166
153
174
173
168
170
183
164
168
168
178
172
158
170
162
142
140
138
164
150
172
161
144
146
158
142
141
146
149
136
124
153
152
146
138
150
132
142
167
132
163
129
127
126
152
143
134
132
134
156
137
152
127
142
146
144
123
139
123
131
109
149
119
127
136
116
129
139
147
141
150
129
135
140
130
123
143
126
128
133
134
129
126
128
109
126
137
131
132
125
127
136
123
152
132
126
127
118
129
128
140
111
119
132
111
119
130
122
113
106
121
129
124
108
107
117
120
125
89
116
111
114
131
129
116
129
110
134
113
143
129
115
110
115
131
122
134
116
120
111
103
121
123
103
114
107
99
95
125
108
126
114
92
121
116
114
101
102
112
106
133
92
126
93
110
123
110
110
132
118
105
100
105
105
98
103
106
112
111
107
112
103
106
117
116
119
109
110
113
112
110
103
114
112
113
114
114
112
112
99
122
109
138
94
113
118
110
107
123
83
109
107
107
101
100
117
103
112
110
90
110
98
116
105
96
119
112
111
92
94
115
102
106
98
97
118
99
128
105
105
99
99
103
102
101
113
104
94
104
104
109
96
94
102
88
91
99
95
103
121
119
119
92
111
107
97
95
89
112
105
92
101
104
114
107
118
104
98
107
116
110
103
104
105
108
103
100
117
107
115
101
109
101
109
99
92
104
86
103
115
114
94
105
114
106
105
118
88
78
113
97
111
98
92
97
87
113
101
88
108
99
104
104
111
97
99
112
96
94
107
86
104
105
105
109
105
99
95
114
120
112
99
91
104
104
99
96
104
106
105
91
106
102
109
89
110
91
96
108
119
99
104
108
115
106
90
109
101
86
83
104
83
88
95
91
84
90
95
91
118
118
79
98
105
94
95
99
93
110
97
102
87
95
101
105
102
114
118
110
105
81
101
98
78
98
118
101
107
94
107
99
91
99
108
109
98
99
97
100
117
105
101
96
82
113
119
108
111
105
91
81
99
92
92
109
99
103
99
83
102
104
109
103
92
125
95
110
114
95
97
93
100
105
111
113
105
93
106
103
86
104
102
108
100
88
91
96
97
101
95
112
89
95
104
93
106
74