397496
24384
14286
10159
8093
6741
5897
5280
4731
4502
4080
3900
3703
3490
3294
3110
3060
3006
2912
2818
2673
2709
2680
2588
2558
2546
2402
2417
2358
2279
2332
2299
2336
2189
2157
2240
2120
2154
2078
2070
2016
2121
2057
1964
1955
2003
1943
1990
1908
1884
2039
1941
1877
1937
1951
1871
1906
1874
1774
1841
1772
1847
1821
1775
1814
1746
1701
1861
1759
1740
1720
1773
1691
1794
1795
1764
1697
1758
1723
1761
1691
1785
1643
1642
1776
1690
1714
1742
1723
1714
1686
1727
1627
1646
1666
1669
1678
1629
1717
1714
1647
1648
1566
1622
1613
1691
1505
1662
1541
1676
1636
1624
1645
1600
1645
1578
1680
1615
1607
1601
1571
1519
1607
1535
1565
1631
1539
1559
1613
1591
1588
1580
1646
1608
1551
1488
1524
1556
1508
725