187805
12311
6867
4930
3712
2929
2661
2332
2073
1788
1722
1573
1482
1329
1263
1277
1162
1085
1079
1086
1048
956
931
916
873
866
896
846
808
764
763
735
787
698
753
712
647
709
655
649
610
667
648
641
681
597
641
651
619
621
636
593
577
610
586
622
577
566
535
546
578
546
542
573
536
553
531
547
545
524
550
496
530
463
505
483
487
503
450
492
478
444
471
503
509
499
490
459
463
480
428
469
523
437
449
492
454
472
470
449
420
479
472
439
424
492
427
456
468
405
435
424
447
482
456
390
448
394
466
437
465
434
425
387
426
449
447
446
429
431
390
430
388
402
386
396
431
406
407
409
430
415
471
443
406
471
427
434
405
463
423
401
410
419
392
429
423
412
401
470
397
429
434
392
374
402
388
413
426
385
383
386
390
389
415
400
442
367
390
414
412
419
363
391
355
376
388
421
405
399
399
427
406
373
376
403
399
407
384
411
361
363
386
406
364
393
416
398
360
407
356
399
365
383
428
388
387
395
372
331
362
397
420
385
414
419
368
356
372
392
382
374
405
378
379
390
359
353
381
345
356
402
345
371
370
414
413
376
357
388
383
375
380
360
336
371
369
370
420
355
367
374
383
361
388
346
381
340
379
371
358
379
374
359
355
370
367
320
330
393
358
344
340
374
340
373
368
263