39714
3482
1972
1319
988
857
731
562
530
455
438
400
342
328
305
265
271
242
225
229
205
181
204
167
174
160
143
176
149
145
155
145
123
134
123
115
115
115
129
123
113
105
123
104
100
109
94
115
105
105
95
98
85
89
102
76
90
91
90
96
81
75
61
84
62
66
72
73
77
99
70
69
85
70
54
76
75
63
50
70
79
61
51
68
60
64
59
63
52
66
67
57
69
60
52
57
65
61
64
53
61
64
52
46
42
59
59
64
61
44
56
47
65
52
57
54
46
52
47
57
49
47
55
54
51
61
42
46
54
43
35
45
57
44
34
40
59
48
43
44
57
43
44
44
42
44
31
45
38
42
45
42
47
45
36
37
55
44
44
47
39
47
34
43
48
51
43
44
39
33
40
34
39
48
55
43
40
48
37
42
42
46
44
40
45
35
40
44
46
40
32
38
34
43
40
38
46
37
52
37
42
41
40
37
38
56
43
39
40
39
31
42
45
46
46
32
41
36
45
42
37
38
36
43
41
30
38
47
42
33
37
39
43
31
47
32
34
27
35
35
37
39
37
34
35
35
33
42
42
46
34
35
37
31
37
35
37
41
37
30
38
26
41
37
42
29
26
29
32
40
32
41
32
23
35
34
27
34
38
41
30
31
22
27
36
33
32
27
27
44
38
40
40
33
41
33
37
31
30
30
33
42
31
32
29
45
42
29
29
32
47
36
33
28
34
25
39
33
37
36
35
28
41
24
34
27
31
30
27
31
31
18
31
33
35
31
31
18
32
27
27
35
39
29
28
28
21
38
42
23
41
36
34
30
38
28
26
36
33
38
31
28
32
41
25
37
32
26
27
32
28
34
32
35
35
38
32
41
26
32
30
30
30
22
34
37
25
33
34
30
24
28
25
26
26
26
33
27
36
34
36
29
41
26
23
32
31
32
30
22
28
29
28
42
38
23
22
34
35
24
23
28
31
27
23
30
30
20
22
26
29
34
34
36
32
33
35
29
34
38
38
37
34
30
26
37
23
40
39
27
29
20
33
24
30
21
29
32
39
29
32
24
30
38
37
29
30
35
27
26
26
32
32
33
22
28
18
33
34
29
29
23
34
31
21
27
22
32
37
25
35
32
23
27
37
24
28
20
28
37
30
33
24
26
32
27
33
29
28
36
24
34
28
26
38
31
30
28
26
21
35
30
26
33
30
34
29
25
32
18
29
33
25
19
34
29
26
27
36
23
22
34
34
34
17
35
27
36
33
31
27
23
27
27
23
29
39
28
29
22
25
30
27
26
28
30
29
29
29
38
28
21
24
31
34
40
29
35
33
22
37
25
25
25
31
19
23
25
33
27
21
24
33
19
18
36
38
28
29
23
29
33
38
25
16
24
24
27
24
26
30
43
23
15
26
23
25
21
28
28
38
34
29
25
25
19
38
21
27
30
29
33
34
26
36
15
26
27
27
31
33
35
33
24
29
31
26
30
27
25
32
24
21
23
32
28
30
26
24
27
29
24
29
27
30
19
29
16
28
18
31
24
31
26
20
33
23
40
21
33
18
32
27
31
25
29
31
28
29
23
18
15
29
24
22
17
28
25
27
27
23
27
28
28
25
25
29
22
19
33
27
29
25
24
27
25
24
24
22
27
23
32
30
23
32
39
24
32
26
24
30
23
28
18
22
21
30
27
19
28
31
20
28
19
28
25
28
24
25
24
24
38
32
24
30
16
34
22
32
35
19
23
23
23
21
18
28
27
23
29
32
38
26
31
22
25
22
20
26
21
33
26
30
32
24
26
30
37
30
29
26
26
19
26
16
27
26
33
35
32
29
32
27
26
18
33
32
29
34
21
17
19
19
15
23
24
24
30
26
28
26
29
20
35
27
25
31
22
30
19
36
27
31
24
23
25
20
24
21
19
24
26
26
26
23
27
22
18
21
28
23
23
32
23
23
22
25
36
32
31
18
34
27
27
31
22
23
30
27
21
15
42
25
35
25
28
27
38
26
26
26
26
33
25
23
22
37
22
14
25
23
28
21
29
38
23
27
31
22
26
29
26
29
20
21
36
21
20
23
25
28
20
24
39
25
20
22
22
35
28
26
25
16
23
25
22
31
26
28
17
20
20
23
19
37
30
24
15
28
30
27
24
32
25
18
24
15
21
19
33
23
30
18
25
29
26
23
27
23
24
32
26
31
30
27
17
32
20
28
18
26
16
33
28
26
16
14
24
21
29
30
19
39
32
26
19
29
25
30
35
33
24
18
18
19
23
29
21
23
21
27
25
21
27
26
29
16
19
23
18
22
21
25
29
24
22
24
29
25
24
22
24
34
30
26
27
24
31
24
24
23
29
23
23
19
20
19
30
29
42
36
25
23
36
26
21
22
25
22
31
21
28
22
16
27
21
30
28
23
36
27
24
32
18
31
24
26
26
19
29
32
23
21
23
29
29
23
21
27
23
19
23
23
23
24
23
21
33
15
21
26
25
19
31
22
34
22
20
18
25
19
22
11
26
22
16
17
28
19
25
1