40182
3411
1951
1339
1022
770
667
546
520
431
431
375
326
334
310
262
282
225
261
232
220
161
182
179
179
164
167
180
152
159
146
153
132
145
130
118
114
127
110
122
101
105
88
99
101
119
109
98
98
93
107
90
72
77
74
79
60
74
77
77
82
81
76
67
76
72
72
90
76
61
54
73
66
49
84
76
76
72
53
62
68
66
50
65
53
85
62
59
65
58
53
66
53
43
64
46
58
62
51
50
47
54
49
61
56
54
55
47
55
46
55
49
41
56
52
50
55
46
43
52
53
50
51
47
47
40
49
44
51
46
44
52
53
39
39
45
43
66
57
54
48
28
49
38
43
56
39
43
41
44
58
42
34
44
31
44
34
48
37
48
46
40
58
45
46
39
35
42
40
34
48
46
46
31
40
36
36
39
52
35
39
31
47
31
35
43
34
29
43
46
34
35
26
41
42
34
34
36
40
34
44
33
42
32
42
38
40
37
34
34
40
49
27
42
36
30
40
31
41
30
36
45
28
28
40
27
28
32
35
32
27
42
39
35
34
28
31
40
35
28
44
33
29
24
34
32
39
38
27
35
24
39
35
23
30
29
29
41
25
38
29
45
45
35
38
24
29
38
17
36
29
37
25
38
46
22
27
31
36
27
26
38
31
34
30
26
33
30
33
39
35
30
40
20
40
24
31
38
31
35
35
28
36
27
29
32
40
41
40
38
34
20
30
24
43
22
33
28
32
31
40
26
43
26
34
30
37
20
29
37
38
32
26
26
31
34
30
31
24
22
29
24
24
23
35
29
28
28
27
32
28
28
27
39
31
27
30
25
43
29
27
21
25
25
33
34
29
28
21
30
33
35
34
30
28
38
22
23
34
33
28
33
26
24
31
43
35
30
28
36
26
23
26
23
32
32
30
22
29
28
37
30
27
36
27
19
28
37
30
30
26
25
20
24
25
31
31
30
30
26
30
18
28
25
25
34
28
27
31
23
34
28
25
21
26
28
25
23
20
22
19
20
28
24
30
34
29
29
23
35
31
33
30
27
32
21
31
31
28
27
30
24
30
29
25
30
34
28
26
26
20
30
23
26
36
31
24
26
24
28
25
25
34
34
30
29
22
33
28
28
26
34
31
31
35
18
26
32
28
24
31
39
22
19
28
23
30
28
25
27
21
25
29
24
20
24
29
36
31
24
24
29
30
31
24
40
32
30
30
32
35
18
27
32
22
23
27
29
24
33
18
33
22
31
31
27
29
24
23
26
31
23
21
24
23
21
27
27
23
34
29
27
32
24
24
22
40
21
28
25
35
29
27
20
25
32
22
22
31
22
23
24
28
24
24
26
36
29
27
29
29
23
20
19
27
20
17
25
26
25
28
25
28
19
36
23
37
19
28
25
22
28
33
22
23
25
36
28
28
39
21
27
26
28
23
24
30
33
20
24
32
35
32
23
37
26
25
20
23
28
24
24
29
23
28
25
27
28
15
24
19
22
27
31
26
19
21
23
21
30
24
23
32
28
29
27
30
31
19
17
21
23
32
18
26
21
12
19
14
32
19
20
18
21
25
31
34
23
19
26
33
25
21
21
33
28
27
23
21
31
20
28
22
22
27
26
25
25
21
19
23
18
26
27
24
16
24
28
29
35
27
29
20
26
33
17
40
23
32
25
27
26
20
28
21
23
31
25
35
24
29
16
31
28
25
20
16
22
32
29
27
31
25
22
19
26
23
23
29
23
29
25
28
20
23
31
16
26
30
19
23
25
16
17
21
24
25
20
21
29
22
34
29
19
23
13
17
29
18
26
38
27
35
23
26
20
26
30
17
27
21
31
21
36
16
12
25
24
21
27
32
25
23
21
19
28
28
26
18
27
26
27
27
30
27
19
29
23
31
23
29
21
19
30
23
30
22
21
29
22
24
26
20
18
26
28
19
28
26
23
19
19
31
14
20
25
29
28
31
23
33
25
22
30
37
23
27
20
27
31
28
29
24
26
30
31
27
22
27
23
16
21
24
21
18
16
24
18
23
26
19
18
28
28
34
23
19
27
25
22
30
29
26
30
24
23
34
19
30
26
31
22
31
15
24
18
21
25
18
14
21
25
31
29
26
21
27
25
20
29
32
22
20
22
25
28
30
20
31
20
29
28
21
21
18
22
20
25
22
16
22
19
16
24
28
23
18
21
14
26
21
23
21
15
21
23
28
28
18
24
23
18
23
20
21
26
30
21
29
29
26
32
28
27
25
16
25
33
19
18
19
25
24
20
27
23
22
24
31
25
22
24
15
25
24
14
28
19
27
19
25
30
13
22
18
19
18
23
29
24
21
21
22
29
18
32
14
30
30
28
22
25
35
22
23
19
28
26
24
19
20
30
20
19
20
25
24
27
15
17
33
20
23
25
30
10
20
27
25
21
18
22
25
19
32
16
26
22
32
22
25
35
25
19
34
27
23
15
12
20
28
24
20
21
19
28
22
15
20
33
17
26
27
23
17
21
18
29
21
20
19
20
15
25
26
26
23
21
28
24
22
25
25
20
26
21
19
21
23
19
26
28
21
16
23
19
31
18
26
23
26
31
20
25
19
15
28
31
30
24
19
23
22
26
25
24
26
2