185502
12709
7052
4954
3837
3107
2748
2350
2148
1953
1701
1605
1496
1428
1369
1195
1199
1196
1111
995
1083
993
945
966
896
900
864
852
844
793
750
822
761
789
760
742
725
700
700
683
663
606
670
678
657
630
654
672
635
629
628
607
587
643
619
635
640
600
597
555
573
575
560
575
578
591
538
558
484
537
555
530
578
536
544
534
553
484
533
489
534
506
516
499
496
511
536
490
495
557
524
530
475
474
459
467
495
462
460
468
470
458
479
455
499
479
481
456
472
475
466
436
469
428
423
462
458
464
429
467
482
485
442
430
445
398
426
436
433
466
429
426
405
446
415
446
424
447
456
460
445
428
459
448
407
443
477
434
403
421
431
397
439
445
447
459
418
424
450
414
416
481
442
444
454
433
402
437
432
447
418
421
427
433
418
437
465
378
415
432
418
412
442
428
454
403
382
406
424
418
421
413
398
401
411
382
384
393
404
422
391
400
390
399
397
437
409
389
386
371
405
388
408
414
374
452
371
391
399
384
379
389
409
418
415
393
391
361
386
405
409
440
406
397
414
410
404
371
372
407
437
390
383
414
395
381
390
403
410
411
389
392
416
352
385
386
377
402
391
390
407
381
409
385
381
417
404
411
407
414
370
364
383
388
400
364
397
390
385
396
217