394755
24113
14238
10279
7903
6670
5839
5330
4681
4287
3998
3810
3566
3567
3348
3105
3084
3027
2911
2765
2809
2798
2581
2592
2527
2458
2501
2445
2361
2359
2221
2221
2242
2220
2184
2238
2123
2130
2131
2095
2046
2041
2035
1968
2134
1992
1989
1979
1948
1965
1938
1893
1965
1964
1893
1877
1810
1936
1899
1898
1833
1820
1805
1797
1803
1825
1876
1802
1772
1789
1776
1822
1810
1754
1730
1791
1730
1760
1712
1757
1685
1711
1664
1759
1743
1669
1709
1734
1670
1687
1712
1726
1647
1640
1643
1698
1663
1692
1634
1633
1671
1650
1656
1595
1644
1602
1598
1622
1586
1584
1667
1630
1596
1636
1596
1656
1666
1638
1565
1630
1585
1533
1603
1587
1610
1536
1586
1601
1555
1531
1544
1562
1502
1578
1666
1561
1558
1586
1548
799