95727
6281
3720
2639
2094
1736
1423
1293
1159
1069
968
924
883
826
805
773
723
699
735
692
630
649
615
637
586
554
554
546
575
561
493
539
526
489
523
504
480
506
513
478
473
493
433
455
479
466
481
438
473
446
432
453
440
445
410
453
404
436
458
408
433
411
418
435
384
394
414
404
404
403
398
409
414
380
350
397
404
363
403
385
372
374
402
370
376
359
364
416
372
405
384
387
363
374
364
380
335
343
386
367
348
381
358
338
369
354
376
382
357
355
343
348
347
362
364
364
349
347
328
365
346
355
324
348
370
374
349
342
379
357
334
354
367
336
333
354
323
338
334
340
321
344
342
330
377
338
325
321
327
338
319
332
319
327
322
344
346
313
345
307
354
335
315
323
336
304
308
281
366
96