83660
6790
3787
2646
2058
1578
1423
1207
1044
932
880
763
745
675
616
584
596
496
515
535
499
428
422
407
416
361
363
371
358
379
299
336
329
310
312
321
276
286
262
283
255
272
254
281
269
268
271
259
254
227
223
223
240
213
230
218
235
222
228
199
247
247
195
196
197
171
205
220
203
202
214
176
188
166
207
184
195
166
170
192
181
147
174
170
181
165
187
189
188
180
199
177
186
162
182
151
176
161
185
180
170
184
142
156
189
153
169
159
155
184
149
156
135
152
151
153
138
173
163
181
130
179
158
153
138
140
145
153
123
166
133
137
150
127
139
117
173
138
131
149
135
136
124
137
147
158
139
123
121
155
126
137
134
159
120
145
135
133
138
120
128
144
149
120
141
127
137
118
150
147
132
130
139
134
119
116
129
115
125
160
117
125
130
149
141
129
119
142
147
128
128
109
124
131
131
112
127
136
128
136
147
123
124
126
130
106
132
128
140
129
116
133
122
143
123
130
116
106
144
117
133
130
123
111
113
110
121
110
112
120
125
112
138
118
125
119
104
119
132
97
129
115
97
132
113
121
124
123
107
116
114
113
117
104
117
133
89
111
128
118
118
123
134
117
104
117
110
116
110
128
103
146
96
115
104
112
122
142
128
120
107
96
115
123
116
108
116
115
110
124
105
114
112
114
122
124
122
108
116
108
97
92
104
132
111
94
114
116
97
111
101
134
119
125
107
107
118
104
125
120
120
133
112
116
111
118
122
116
113
110
104
114
117
109
109
102
123
118
102
93
108
120
111
109
116
120
117
118
112
102
104
110
117
109
125
101
128
133
110
92
117
116
106
108
104
104
91
121
98
106
110
101
94
114
115
104
130
110
126
121
105
111
116
110
123
110
118
89
91
129
99
126
100
107
110
104
113
121
121
111
121
104
101
115
106
126
110
112
115
119
101
106
114
95
103
114
103
108
94
127
89
76
89
107
119
113
98
85
112
98
118
125
106
95
120
124
119
110
114
104
102
114
111
100
111
89
122
108
110
108
101
112
95
121
126
120
101
115
90
93
109
88
116
89
128
106
97
101
106
113
98
122
102
102
103
118
92
103
110
106
95
116
107
132
97
103
107
104
117
89
103
108
88
118
94
111
105
115
109
95
124
85
104
110
93
100
89
110
102
97
108
106
109
100
105
102
85
109
78
90
89
109
106
90
108
87
100
98
118
129
99
105
92
111
92
103
99
104
105
122
94
115
106
118
92
88
88
89
92
91
93
107
113
87
115
87
70