92168
6735
3664
2571
2027
1648
1384
1208
1046
994
900
826
717
762
672
624
561
530
545
524
454
536
465
479
484
427
431
427
400
393
383
336
366
339
394
350
353
302
338
349
323
325
327
354
336
295
299
316
317
308
280
299
295
274
269
284
259
251
270
248
251
263
288
263
268
278
272
247
253
252
264
275
254
225
268
272
220
230
213
259
230
232
255
227
236
242
217
236
253
237
231
241
227
236
233
221
219
230
258
212
227
224
214
224
210
206
198
209
196
219
204
218
198
210
210
208
229
232
186
206
228
225
201
209
204
220
202
182
177
191
204
196
203
213
187
203
220
206
221
216
204
215
216
223
206
226
197
199
192
194
203
213
199
200
177
210
171
172
197
187
201
191
204
197
198
196
181
179
179
186
196
162
199
177
182
194
187
192
183
174
181
181
166
201
196
190
170
214
176
192
211
175
165
188
184
191
162
163
160
197
170
180
164
191
190
214
180
184
195
202
183
195
196
156
178
195
188
170
181
184
158
184
168
160
177
198
174
184
188
178
208
197
174
178
179
205
173
169
190
172
174
159
178
177
172
164
165
173
183
163
177
176
208
159
157
181
194
187
173
176
168
173
187
163
155
166
185
151
182
167
163
186
168
182
173
174
187
204
176
150
169
190
165
172
163
200
182
198
170
187
209
171
188
150
180
169
181
189
183
183
148
148
186
161
183
175
171
184
180
174
206
175
166
176
168
162
190
161
166
170
189
165
170
172
175
167
175
154
171
189
181
7