84682
6793
3834
2630
1998
1634
1388
1181
1051
866
846
780
705
689
677
597
537
579
489
476
450
455
417
399
351
403
378
399
350
340
351
331
268
292
292
293
292
289
275
287
298
274
263
276
264
280
250
259
228
244
245
245
229
200
204
202
196
232
202
216
230
230
195
204
183
219
173
220
211
191
186
191
192
196
178
178
193
180
187
189
174
191
169
181
175
178
173
165
187
179
193
154
151
163
200
185
158
172
171
174
170
174
147
162
175
157
154
144
148
160
137
146
145
135
165
137
163
129
161
153
147
136
165
165
154
132
142
140
143
156
138
146
162
149
149
149
133
114
149
155
141
155
129
146
142
143
122
122
152
151
130
137
146
144
138
142
129
165
135
114
117
122
133
126
142
110
114
137
119
123
114
142
114
149
135
121
124
122
149
142
138
140
139
125
120
128
131
137
114
126
120
136
125
122
122
134
118
139
123
112
111
118
144
104
118
122
111
144
125
128
116
122
147
137
116
113
141
112
117
124
105
110
107
155
105
125
112
140
127
121
116
95
103
129
120
124
106
121
118
119
142
114
120
119
122
118
111
126
133
119
110
117
125
114
110
104
125
118
117
108
119
122
108
116
98
108
134
101
101
127
114
104
109
104
104
127
102
123
94
102
114
109
104
106
119
107
111
116
108
134
104
117
129
96
103
96
136
115
116
95
110
145
113
100
106
104
100
109
110
115
93
119
114
104
105
94
104
131
90
113
122
120
117
130
103
122
111
109
112
112
112
118
96
125
99
100
123
105
108
125
112
108
106
101
106
88
123
100
97
100
109
105
102
112
129
117
103
115
125
137
109
121
101
111
107
105
116
108
100
155
94
90
114
105
129
102
112
98
113
133
124
106
95
107
112
89
103
120
102
108
91
106
116
117
112
105
103
113
101
116
103
113
127
106
104
115
97
96
83
112
101
111
104
96
107
97
105
95
98
102
112
91
111
99
104
97
106
97
97
101
103
108
106
111
83
108
92
97
97
100
99
90
119
99
118
96
112
94
103
105
110
102
105
98
122
106
102
96
118
108
106
103
89
109
98
97
114
103
108
102
108
101
123
103
103
101
104
92
109
120
100
76
117
96
101
99
110
110
117
91
97
84
119
98
93
111
97
98
111
124
105
105
110
97
112
124
100
98
102
101
121
94
112
104
92
99
118
115
89
114
102
120
108
116
117
92
115
103
122
101
90
101
89
96
105
109
116
90
82
97
101
76
129
94
86
91
99
92
103
105
102
94
22