88283
6650
3703
2587
1952
1676
1398
1244
1086
972
859
863
800
726
700
633
609
597
578
569
556
541
480
491
480
411
467
437
437
405
388
396
370
396
374
364
352
310
333
322
364
326
291
302
322
303
288
305
281
342
287
283
260
285
287
285
306
274
270
289
273
269
250
284
296
245
282
275
287
259
264
257
243
234
265
257
239
251
276
263
247
216
230
241
239
227
258
200
227
220
207
231
247
217
262
227
215
212
233
204
244
220
204
218
231
197
206
235
210
208
229
217
214
192
213
196
214
224
188
207
217
214
223
196
220
215
204
227
206
216
212
209
204
212
203
194
195
196
185
211
210
192
196
222
201
195
224
184
190
219
228
218
209
189
213
200
196
187
203
221
194
204
176
199
185
205
205
197
177
193
202
182
179
178
188
189
181
195
181
190
237
195
192
200
191
169
212
183
185
181
171
185
182
182
198
174
188
187
175
171
194
181
194
185
175
194
180
175
188
195
172
173
190
195
207
171
198
214
169
188
182
180
194
169
168
187
199
190
201
171
177
186
168
164
159
164
160
206
174
160
174
162
190
194
166
157
187
161
186
183
196
167
177
149
200
174
179
160
182
187
175
181
176
187
200
179
162
193
152
195
174
183
185
167
194
182
190
144
185
184
176
175
145
171
188
165
184
156
161
167
186
192
144
194
156
156
179
173
177
164
178
195
171
174
190
167
194
173
165
140
188
184
186
176
141
163
163
181
182
200
185
171
208
162
163
169
184
175
174
161
181
156
171
95