98422
6421
3709
2599
2066
1742
1452
1307
1210
1126
1048
921
890
870
812
724
723
748
722
643
664
619
621
582
604
595
588
522
569
625
551
513
536
486
524
491
511
448
473
477
486
471
494
444
477
467
431
435
421
470
456
445
437
443
425
444
430
442
409
391
445
447
408
395
414
417
388
383
391
412
396
385
379
383
411
390
423
391
431
385
396
381
340
354
360
408
376
416
410
366
397
360
398
386
397
376
363
349
364
349
376
374
374
375
365
379
368
360
337
328
364
337
332
374
362
381
388
332
325
359
363
344
372
378
350
360
364
357
352
362
346
356
353
369
370
360
354
306
352
359
324
355
350
360
341
337
327
324
347
336
335
305
320
327
344
367
335
305
348
341
351
340
312
342
321
335
79