95971
6364
3539
2572
2019
1641
1532
1353
1179
1088
996
946
876
833
780
780
765
712
700
678
671
654
615
586
606
558
543
568
575
552
573
526
563
498
484
535
460
474
459
444
511
526
445
470
444
427
451
465
428
455
449
432
432
434
453
407
409
434
412
430
399
469
401
401
391
377
412
413
386
411
414
429
389
380
433
369
397
429
399
390
375
393
350
406
405
405
374
397
411
343
354
403
380
355
378
405
351
360
403
364
352
379
329
355
365
384
369
355
399
368
343
382
399
387
345
377
396
365
350
388
366
393
361
376
381
376
357
356
367
346
348
355
364
327
401
328
373
329
357
368
347
335
336
330
320
352
343
343
322
345
339
331
350
349
372
312
345
335
349
342
357
287
346
339
195