86862
6645
3873
2684
2057
1656
1412
1234
1076
966
857
781
815
683
613
574
578
542
530
483
483
441
466
395
410
404
344
354
334
327
320
317
332
294
259
308
286
272
323
258
281
286
232
284
219
249
252
251
216
221
242
255
222
211
214
231
216
235
203
192
216
204
237
207
183
211
190
215
208
188
182
185
206
188
176
180
190
178
175
172
186
161
186
168
177
173
181
187
173
158
181
180
163
152
163
192
154
129
180
174
165
160
159
147
167
135
154
136
147
166
155
167
153
144
161
171
136
156
166
145
163
164
154
147
155
163
152
149
170
143
136
161
130
139
148
127
135
134
134
161
153
144
144
140
134
143
160
146
146
154
159
137
120
135
138
136
129
128
138
125
135
130
137
126
135
140
152
129
163
134
148
111
119
125
123
140
153
149
125
138
116
135
143
137
113
135
121
109
130
125
131
141
131
132
124
147
137
127
135
126
104
135
120
135
115
148
132
124
106
110
142
120
121
132
128
121
112
115
122
117
113
151
115
116
129
115
123
114
105
125
128
111
117
136
108
127
116
116
107
133
104
103
134
116
116
117
129
130
123
136
122
102
128
126
126
119
132
117
110
131
126
126
123
111
130
114
135
127
137
124
97
94
115
112
107
109
96
99
125
113
123
107
114
105
108
118
109
109
125
120
123
119
132
119
116
139
94
123
119
116
108
103
118
113
118
102
118
116
108
118
119
92
102
110
114
103
112
111
114
111
117
119
112
108
103
130
123
116
121
109
133
97
101
109
101
102
119
121
125
119
98
116
116
112
117
128
99
120
99
109
96
103
105
116
94
98
109
112
111
100
108
92
113
116
127
98
121
114
122
100
116
122
99
120
88
107
106
108
109
108
98
120
106
109
116
103
122
102
97
120
116
96
104
125
94
105
115
110
110
112
102
113
108
113
116
110
112
113
116
103
115
114
105
103
91
106
104
99
117
128
112
103
125
98
104
117
106
104
105
100
100
110
105
100
95
114
108
108
95
98
108
100
109
104
115
100
104
97
102
120
124
120
89
98
109
120
104
89
110
112
99
106
114
111
109
109
108
103
112
106
101
112
100
113
119
103
88
93
83
103
111
118
104
106
117
114
111
95
93
86
101
120
112
101
110
87
89
98
99
106
101
101
84
107
103
93
121
112
97
101
121
104
118
128
82
110
109
87
97
115
94
102
98
92
104
117
114
107
120
103
108
108
90
114
111
113
98
133
99
118
90
79
103
109
116
120
109
109
98
41