89806
6471
3596
2533
1927
1659
1380
1197
1035
946
854
772
739
727
673
625
609
526
573
548
499
475
482
463
454
419
419
398
388
402
372
378
384
379
373
387
312
343
326
312
331
306
288
309
318
339
298
289
313
357
271
304
310
284
316
282
268
285
264
280
253
281
273
251
278
258
287
262
253
278
237
258
260
267
251
250
242
241
197
250
255
216
239
249
240
225
238
255
218
221
227
220
251
234
231
224
239
242
234
238
206
219
203
206
216
231
199
202
224
206
254
206
207
229
197
224
212
210
211
208
201
197
207
209
199
219
224
228
227
209
220
195
230
223
177
205
199
182
204
204
204
185
204
207
213
192
199
200
197
191
196
194
190
197
194
188
208
213
192
181
206
182
176
208
216
202
193
201
186
196
195
208
194
180
202
172
211
178
180
198
185
205
183
185
185
189
185
204
195
211
184
204
197
173
158
180
194
192
171
155
208
186
193
194
157
199
157
181
197
199
186
207
180
180
171
179
188
187
177
168
202
180
173
170
200
169
179
195
165
180
186
199
174
190
155
162
177
187
155
182
191
184
199
176
193
182
164
176
145
165
187
164
196
190
190
164
193
188
157
179
173
166
184
165
191
188
160
204
171
158
174
165
166
181
168
149
173
164
185
175
169
172
163
168
150
183
167
168
198
173
154
151
173
192
159
185
173
189
140
160
175
180
144
185
144
185
192
173
179
149
178
174
162
158
165
166
165
177
176
158
164
179
180
159
176
181
167
158
159
152
67