940
988
950
964
989
1034
969
957
950
989
946
952
993
942
949
956
996
1009
931
981
954
998
982
933
954
958
932
932
991
956
940
1008
1049
1044
988
998
977
930
962
959
989
953
951
997
944
929
980
945
973
973
946
979
926
958
965
1023
966
1029
952
1002
995
973
970
929
869
941
991
918
990
942
963
986
975
968
974
951
987
936
990
977
927
978
933
1012
930
980
956
944
968
965
1003
987
966
956
978
923
943
982
929
995
910
937
996
959
1022
953
928
973
960
962
974
987
1034
987
995
961
934
1033
947
942
979
976
974
931
957
995
977
934
1010
987
1015
963
968
942
971
980
980
996
985
992
1000
922
996
967
945
969
974
974
979
925
969
971
920
988
918
971
930
991
947
1007
902
978
987
950
1000
963
901
962
946
923
1049
947
975
924
961
1022
949
922
944
955
935
934
966
961
920
960
983
963
930