86151
6615
3637
2508
1930
1584
1294
1179
1054
840
866
720
703
659
603
533
578
501
484
449
446
412
386
429
414
381
364
365
375
333
330
324
319
306
280
287
262
249
259
260
256
252
255
242
254
248
251
237
219
219
215
238
252
231
208
211
218
209
217
208
200
185
210
202
201
210
218
187
194
195
184
183
176
174
166
162
174
206
194
170
159
186
170
175
183
175
167
182
143
143
150
165
170
163
153
161
160
151
149
159
132
166
165
173
156
136
139
144
149
151
133
149
149
150
144
135
165
151
143
148
133
120
155
158
124
132
134
141
128
149
147
146
124
121
145
117
133
145
129
124
124
112
139
130
128
153
110
111
139
150
151
116
135
136
147
153
123
115
126
135
118
115
143
145
113
136
138
115
126
122
121
123
136
141
123
127
129
139
123
139
127
128
135
122
111
125
124
119
118
122
127
123
131
121
121
128
124
133
116
123
109
110
131
123
122
118
116
136
106
111
124
124
135
126
112
117
117
112
108
122
119
110
112
138
117
99
117
119
104
122
123
130
123
98
116
127
119
112
108
85
124
105
123
115
115
104
134
137
120
109
113
125
109
111
115
103
120
103
110
109
125
105
116
111
119
89
114
126
105
122
117
117
108
127
105
129
134
131
115
100
101
99
107
114
101
108
112
111
111
102
117
113
107
133
104
106
116
109
109
99
115
115
107
116
120
117
117
94
107
110
114
104
113
102
109
101
101
107
104
104
114
96
103
102
87
107
103
108
106
115
97
118
102
104
97
113
112
111
97
115
103
103
90
102
117
98
106
119
98
104
106
82
115
88
128
102
102
109
87
95
92
114
107
116
88
103
108
114
114
99
129
94
109
103
103
107
107
103
109
109
106
106
99
101
81
92
86
97
91
96
102
111
101
117
82
108
105
82
99
99
119
105
97
91
100
114
91
127
105
117
83
130
108
96
125
108
89
102
94
100
103
113
88
114
96
91
97
91
111
101
115
94
90
96
103
105
99
109
98
97
105
98
95
100
111
103
94
89
97
121
100
99
111
101
98
96
94
94
103
101
88
89
101
120
100
109
115
83
101
104
115
88
88
93
107
102
96
86
102
94
98
100
91
97
83
110
117
89
97
105
83
104
93
106
99
103
96
98
98
87
113
95
99
91
70
94
100
88
98
88
94
101
94
85
112
85
101
81
115
102
102
109
111
93
109
104
98
82
94
101
91
99
101
89
103
87
87
100
79
107
86
91
98
80
88
100
93
94
91
108
92
88
85
86
103
100
109
98
92
93
80
75