130327
9927
4868
3199
2229
1646
1406
1083
967
808
721
639
583
553
475
414
414
372
371
340
306
272
281
254
229
250
221
227
210
193
181
181
160
167
163
193
151
131
150
144
119
114
127
119
110
94
105
92
101
113
92
99
81
101
92
72
65
84
91
73
82
80
75
79
74
75
53
52
66
62
50
58
55
65
56
69
40
50
58
48
42
56
60
51
50
61
44
45
45
43
55
43
43
36
47
34
51
48
37
46
39
35
37
32
42
36
35
36
39
44
46
34
29
40
16
31
36
36
34
31
32
34
42
29
25
24
35
31
35
32
40
27
32
35
30
29
31
27
37
18
34
17
20
19
31
29
26
25
29
33
28
20
24
31
23
19
11
23
23
15
20
33
15
26
19
16
17
21
26
24
30
21
19
17
19
17
19
22
20
19
22
15
15
21
23
17
22
23
17
22
21
15
21
11
12
23
23
20
16
13
18
17
9
13
17
15
12
22
17
18
16
16
13
18
15
16
19
19
14
18
11
21
14
18
16
13
12
12
10
17
19
11
18
18
19
14
11
17
10
20
13
10
13
13
12
8
10
12
11
18
13
4
8
9
10
8
11
15
15
12
6
15
9
12
16
7
11
10
16
4
14
11
8
13
11
12
6
15
14
10
9
13
8
11
11
11
8
13
8
10
18
17
14
18
11
9
11
15
12
15
6
10
11
10
10
11
9
9
14
6
14
6
13
10
12
11
11
8
9
9
11
12
9
12
11
14
8
18
13
6
13
8
11
4
7
8
8
14
16
9
4
11
7
9
10
13
11
8
12
12
6
10
11
9
5
4
8
9
8
8
7
10
9
7
10
9
5
5
8
11
10
10
8
11
10
6
8
9
8
6
6
7
7
6
4
10
7
9
4
8
8
13
7
9
4
4
11
11
6
7
7
5
13
8
5
8
10
5
7
6
2
10
9
10
9
4
5
8
6
7
8
5
9
5
7
2
4
7
8
8
5
3
7
6
9
11
7
5
7
7
13
6
10
3
1
4
5
7
5
2
8
11
9
4
9
4
10
3
8
8
4
3
10
5
6
9
8
4
3
8
5
6
10
6
6
4
5
7
10
5
5
6
7
5
9
5
8
8
5
7
6
7
4
5
3
2
7
6
7
8
7
5
6
2
8
4
5
7
5
5
7
6
4
7
5
1
4
4
5
5
7
7
8
4
8
9
2
8
6
3
9
4
7
3
8
11
3
10
4
7
3
7
5
6
1
7
6
3
8
8
7
7
2
3
6
9
4
3
12
7
6
5
6
2
4
6
5
2
1
7
7
1
7
6
8
4
1
5
10
6
5
4
7
11
4
7
3
3
7
4
5
4
4
7
5
1
3
7
6
5
10
5
3
5
7
4
5
5
5
6
5
5
5
7
5
5
3
1
7
5
8
1
5
3
6
4
2
4
6
5
2
4
7
3
2
5
5
2
4
4
3
5
6
7
0
6
2
4
2
5
3
14
6
6
3
5
7
5
6
4
8
3
4
2
3
3
4
6
8
5
3
9
5
5
6
2
5
8
5
3
1
9
1
4
4
4
7
3
6
8
1
5
5
7
4
3
5
5
6
8
5
1
6
5
4
3
4
4
7
1
5
1
5
6
8
3
2
2
3
3
1
3
6
5
4
1
6
4
3
6
5
3
0
4
2
3
5
3
6
4
4
5
2
5
4
3
4
3
4
2
5
3
3
5
3
4
6
4
4
4
4
4
5
8
3
4
5
5
2
5
3
1
2
2
1
6
6
5
3
5
5
4
1
2
4
8
7
3
3
7
2
3
4
3
1
0
2
3
4
8
2
5
4
1
3
6
3
1
5
5
3
0
1
4
3
5
4
3
1
2
5
2
2
2
6
3
6
7
1
1
3
4
1
3
3
5
7
1
0
3
2
6
4
2
3
4
2
2
4
4
3
1
2
3
3
3
3
4
4
2
3
3
6
5
1
3
3
5
2
3
5
4
3
4
4
2
2
5
2
2
2
3
7
1
2
2
6
3
2
5
5
1
3
3
5
4
0
2
6
4
3
3
5
2
4
3
4
8
6
4
8
2
2
2
2
5
2
6
4
2
3
5
4
2
4
2
3
6
3
2
4
3
3
2
3
4
3
3
1
2
2
4
3
3
6
0
2
3
5
3
5
2
1
5
4
4
4
2
2
4
1
3
4
2
3
2
5
5
4
3
7
3
3
3
3
5
1
2
4
5
5
2
5
2
5
5
3
3
1
5
1
6
5
4
3
4
2
3
2
1
5
2
2
3
2
3
6
4
2
3
3
2
1
4
4
6
0
3
1
1
4
2
3
6
7
1
5
1
2
3
2
4
3
3
3
3
1
3
2
5
6
1
3
2
2
1
1
2
3
6
3
4
2
0
5
4
4
1
3
0
4
5
2
4
3
2
1
4
2
2
3
4
4
5
2
2
4
2
2
3
2
1
4
0
3
1
2
2
4
3
4
5
2
5
2
7
2
2
2
2
5
6
2
5
2
4
2
1
5
2
2
4
2
3
1
2
4
4
1
0
2
0
3
2
2
3
4
2
2
2
1
5
2
3
3
3
0
2
4
1
2
3
5
3
1
4
3
1
7
6
0
2
1
1
5
3
2
5
2
1
4
1
6
0
2
1
2
1
3
0
3
0
4
2
1
4
1
1
2
4
2
3
2
2
3
3
5
5
2
2
1
8
6
1
4
3
5
0
3
5
4
1
1
4
2
4
1
1
2
1
4
3
2
3
1
1
2
1
3
2
2
4
2
4
1
2
3
2
2
2
2
1
2
3
2
3
1
5
1
3
3
0
1
1
2
1
4
1
0
1
3
0
1
1
2
1
4
5
5
1
3
1
1
1
8
1
2
1
2
0
1
4
5
2
3
1
1
2
1
1
1
1
3
1
1
4
0
2
1
0
2
2
1
3
3
1
1
2
3
3
2
1
1
3
2
3
5
1
3
1
3
1
2
2
4
2
0
1
1
2
1
4
2
1
1
4
1
1
5
3
2
0
3
0
2
3
1
2
1
1
3
2
0
5
1
2
2
2
2
1
1
1
3
5
1
1
2
2
3
1
1
2
2
3
3
3
1
0
3
0
3
1
4
1
2
1
1
1
2
2
0
2
4
2
3
2
3
3
3
4
3
1
4
2
2
6
3
1
8
0
3
0
0
5
4
3
1
0
2
2
2
4
2
5
1
3
2
3
3
3
2
0
3
2
2
4
2
3
1
3
0
1
3
7
3
2
5
1
2
4
3
3
1
5
3
1
0
3
0
1
2
4
1
1
3
2
4
2
3
1
1
3
1
3
2
1
3
2
1
1
5
1
3
2
0
3
3
1
2
1
2
0
2
4
1
2
2
0
3
1
2
1
1
4
0
5
1
0
3
3
2
1
2
3
1
3
4
3
2
2
1
2
7
2
0
4
2
6
5
2
2
3
2
4
2
2
1
3
2
0
2
1
1
1
0
1
1
2
2
3
3
3
2
4
2
4
0
5
3
6
0
1
0
3
4
1
1
1
2
1
0
1
1
3
3
2
2
6
2
4
2
1
4
1
4
3
3
1
3
3
3
2
3
0
2
1
2
2
3
1
1
3
2
3
1
3
3
3
1
0
1
2
2
1
4
2
0
2
0
2
1
2
3
3
2
3
1
1
4
3
2
2
2
0
2
4
3
2
5
0
0
3
2
4
1
0
2
1
1
3
0
2
1
3
0
3
3
3
3
1
2
0
2
1
1
1
0
2
3
2
1
0
0
1
0
3
2
4
4
0
2
0
3
1
1
2
7
1
4
3
3
0
1
0
4
1
3
3
1
4
1
1
0
2
2
2
2
4
2
1
5
4
3
0
0
4
3
1
1
3
0
3
2
1
4
2
4
1
1
1
4
1
0
2
1
2
1
2
1
0
1
0
0
2
2
1
2
4
1
0
4
4
0
2
2
1
1
4
1
2
4
1
1
3
3
0
3
1
1
1
1
2
2
3
0
2
6
0
1
2
1
2
2
2
1
3
1
0
1
0
2
1
2
6
2
3
2
0
0
1
2
2
2
4
2
2
1
5
0
1
2
0
2
1
1
4
5
0
5
0
3
2
2
4
4
3
0
1
3
3
3
2
2
1
1
0
3
1
3
4
2
1
5
5
0
0
4
3
2
0
1
0
3
1
2
4
2
1
6
2
1
0
1
0
2
3
1
0
3
0
1
4
0
1
5
4
2
2
1
1
1
1
2
0
1
3
3
1
2
0
1
1
0
2
2
1
2
1
1
1
1
0
0
2
2
0
3
2
0
3
1
4
2
2
3
1
0
1
1
0
3
1
2
3
4
2
1
0
0
5
4
3
1
2
1
1
2
6
1
3
2
1
3
1
0
3
2
0
0
0
4
3
4
1
2
0
3
2
3
2
1
2
4
1
5
2
1
3
0
1
3
4
1
1
1
0
0
1
2
0
3
1
1
2
1
4
0
1
2
0
0
0
2
2
1
2
2
1
1
1
1
2
3
1
1
3
1
1
1
1
1
1
2
0
2
0
3
3
0
1
0
1
2
1
1
3
1
2
1
3
0
1
1
1
0
4
0
1
2
0
1
4
3
3
3
1
1
4
1
0
1
0
2
1
1
1
4
1
2
1
0
0
3
3
4
2
2
1
2
1
1
2
0
3
0
2
2
2
2
3
4
3
3
5
1
1
1
1
2
3
1
1
2
2
1
3
1
3
2
1
3
1
1
4
3
1
0
1
3
1
1
0
2
1
2
1
2
5
1
4
1
1
1
2
1
7
2
2
0
1
0
2
0
1
2
1
1
2
3
4
2
2
3
2
3
2
4
1
3
1
2
3
2
2
4
0
1
2
1
3
4
6
0
2
3
3
1
1
1
2
1
3
1
1
0
0
2
4
0
0
3
4
3
2
2
4
2
3
1
2
0
2
0
1
1
2
1
1
3
0
3
1
5
4
2
0
1
0
1
1
4
2
2
1
0
2
4
1
2
2
3
3
2
0
2
1
0
3
1
0
4
3
3
3
3
3
2
1
0
3
2
0
2
2
1
0
1
2
0
1
2
0
1
1
1
2
1
4
0
1
1
0
1
1
2
3
2
1
2
2
0
2
1
0
0
4
0
1
1
3
3
2
0
1
0
3
4
2
3
0
1
2
2
0
4
0
2
1
2
1
2
0
0
0
3
3
1
1
0
3
1
1
1
1
1
3
0
2
3
2
2
0
3
1
0
1
1
2
3
1
2
1
4
1
3
2
2
1
0
1
3
1
1
1
2
1
2
0
5
0
0
0
3
1
1
1
2
0
0
1
3
2
1
2
2
2
1
2
2
1
1
2
0
1
1
2
1
1
0
0
1
2
3
4
2
2
0
1
4
0
0
3
4
0
3
0
4
2
1
1
2
3
4
2
5
1
0
5
3
2
2
0
0
2
3
0
1
1
1
1
0
0
1
1
3
0
1
0
2
2
0
1
1
3
2
0
3
0
0
3
2
0
3
2
0
1
0
2
1
0
4
1
1
4
4
1
1
1
1
2
1
1
2
3
1
3
1
1
1
1
2
1
0
2
0
4
2
2
1
1
3
5
4
0
2
1
2
2
1
1
2
1
0
0
2
1
0
3
1
1
0
3
0
0
2
2
2
0
2
0
1
2
2
0
1
0
5
2
1
0
0
0
2
3
0
1
2
1
1
3
1
0
1
2
1
2
2
0
2
1
1
0
1
1
0
2
1
0
0
0
0
3
2
1
2
0
3
0
1
2
2
1
0
2
1
3
1
0
2
4
1
3
1
2
1
4
3
0
2
0
0
2
1
0
1
1
1
1
1
0
2
5
3
0
1
2
0
3
0
2
2
2
0
0
2
4
1
2
0
0
1
0
1
2
0
1
1
0
2
2
1
1
0
1
4
3
1
0
0
1
1
1
1
1
1
2
3
0
0
3
1
1
0
3
1
1
2
1
1
1
1
0
5
4
4
2
1
1
0
1
1
0
0
0
2
2
2
3
1
3
4
3
2
3
2
1
2
2
2
2
1
2
2
1
2
1
3
1
4
0
4
3
0
0
1
1
0
1
2
3
1
1
0
1
0
0
2
5
1
0
0
2
1
2
1
0
1
1
1
1
1
2
2
1
1
0
2
2
3
0
0
0
1
1
1
1
1
1
1
2
0
1
0
4
2
3
2
1
1
1
0
1
2
0
1
3
2
1
5
4
2
5
1
0
0
1
0
0
2
1
3
1
0
0
1
1
3
2
0
2
1
4
1
2
1
2
1
3
0
1
1
2
1
2
1
1
1
1
1
1
1
1
3
0
2
1
0
1
1
1
2
0
3
1
1
3
2
1
0
0
1
1
0
2
1
1
5
0
0
2
1
1
1
2
4
1
0
4
0
2
2
2
3
2
1
1
0
2
0
0
0
1
2
2
1
1
0
1
1
2
0
1
0
1
1
3
1
3
2
0
3
2
3
2
0
0
3
0
1
2
2
1
1
0
1
0
2
2
3
1
1
0
2
3
2
3
1
1
1
1
1
2
1
1
0
2
0
1
2
1
1
0
1
2
2
1
2
2
2
1
3
0
0
2
3
2
3
1
4
2
1
2
1
2
2
1
0
1
0
2
2
1
0
0
3
1
1
2
6
2
3
0
1
0
2
0
1
0
2
1
4
0
1
2
2
0
1
0
1
3
1
1
2
1
2
1
0
0
2
0
2
1
2
1
2
2
0
1
3
2
0
2
1
0
1
1
2
0
0
1
0
1
2
0
0
1
3
0
0
2
2
1
4
1
1
1
1
0
0
0
1
0
1
0
1
1
0
3
0
0
2
0
1
1
0
3
1
1
0
1
1
0
1
1
1
0
2
3
0
0
2
0
2
1
1
0
0
2
2
1
2
0
4
1
1
2
2
1
3
1
2
0
1
1
1
2
0
4
4
0
2
2
1
2
1
3
3
1
2
3
2
2
1
2
0
0
0
2
1
2
3
0
1
1
1
1
1
0
1
2
0
3
4
0
0
1
0
2
2
1
0
0
0
1
0
1
0
0
3
2
1
0
0
2
1
1
2
2
0
1
2
1
2
1
1
0
3
1
1
0
1
0
0
1
1
1
0
0
2
2
0
0
0
3
2
1
2
1
1
4
2
1
0
2
3
1
2
0
0
1
0
3
4
0
2
2
1
2
1
0
1
0
2
0
1
5
2
0
3
0
2
0
4
1
1
1
0
1
0
0
3
2
0
0
3
1
4
0
1
2
3
1
0
1
2
1
3
1
0
1
1
3
0
0
4
3
1
1
2
3
2
2
0
1
0
1
2
2
1
1
2
0
2
1
3
1
0
2
1
1
3
0
0
2
0
0
0
1
2
0
1
2
0
0
5
1
1
2
1
1
2
1
0
2
1
1
1
4
1
0
3
2
2
0
0
0
3
2
1
2
2
1
1
1
0
0
0
4
1
1
0
1
2
1
1
2
2
1
2
0
0
6
3
1
2
0
1
5
1
1
0
1
5
0
3
1
3
0
4
3
1
1
1
1
1
1
1
1
0
5
1
1
1
1
3
0
0
2
1
0
2
4
1
5
1
2
0
0
0
0
0
3
1
1
1
2
2
1
0
1
0
2
1
3
2
0
2
1
4
0
1
1
2
0
0
2
0
0
2
2
2
3
0
1
2
2
2
0
2
1
1
0
0
2
2
1
3
2
2
2
0
4
1
2
0
0
0
0
2
0
3
2
0
2
2
1
2
2
4
1
0
2
0
0
0
4
1
1
2
0
0
0
1
4
0
1
2
0
0
2
1
0
2
0
1
0
1
0
1
3
0
0
1
0
0
1
2
1
0
0
1
2
2
0
2
0
2
1
3
0
0
1
1
3
1
0
1
1
1
0
1
0
2
0
1
0
1
0
1
2
2
1
0
1
3
2
0
3
5
2
0
2
2
2
0
3
3
2
1
4
0
3
2
1
2
1
0
1
3
1
0
0
1
3
1
2
1
0
0
1
1
0
1
0
4
0
0
0
1
0
0
0
0
1
1
1
2
0
1
1
0
2
1
1
3
1
0
0
2
1
1
0
1
0
0
2
0
1
1
1
1
1
1
2
0
2
2
1
0
2
1
0
1
1
2
2
0
1
0
0
0
2
2
3
2
2
0
0
0
2
1
2
1
2
0
2
0
1
2
1
1
2
0
1
0
2
1
1
0
1
0
0
2
3
0
1
1
3
1
2
1
1
2
1
4
0
0
1
0
0
1
0
1
1
2
5
0
1
0
1
2
1
4
2
0
1
0
0
2
1
1
0
2
0
3
0
1
1
0
0
0
0
2
1
0
1
0
1
1
0
1
1
1
1
1
0
0
3
3
0
1
0
0
1
0
1
0
2
3
2
2
3
0
3
1
1
2
1
0
3
2
2
1
0
3
2
1
2
3
1
1
2
1
1
3
0
1
1
1
0
3
3
1
1
0
1
2
2
2
0
0
2
2
0
1
1
0
1
2
2
1
2
1
1
0
2
1
1
1
1
0
2
2
0
3
2
2
0
2
0
1
1
0
1
1
1
1
0
1
0
1
2
2
2
0
0
6
0
2
1
1
0
3
0
0
2
4
1
3
1
0
1
1
1
2
1
0
0
1
1
1
1
1
1
2
1
1
0
2
3
0
1
0
1
1
1
3
0
0
2
0
1
2
2
2
1
1
1
4
0
0
3
0
3
1
1
1
3
0
4
2
1
3
2
0
2
2
1
4
1
1
1
0
1
1
1
2
0
5
0
3
3
3
1
1
4
1
0
4
2
2
2
0
4
2
0
1
0
1
2
1
1
0
3
1
1
3
2
5
2
1
1
1
1
1
0
4
2
1
3
1
1
1
1
0
1
2
1
1
2
2
2
2
3
3
2
0
0
1
1
0
3
0
0
1
3
1
2
1
0
0
0
3
0
0
1
2
1
1
1
1
2
0
1
0
1
0
1
2
3
0
3
1
1
0
0
1
1
2
2
2
0
0
2
2
3
3
4
1
2
1
1
1
0
1
2
0
1
1
0
0
1
1
3
1
1
2
1
1
1
1
0
0
2
2
2
1
2
1
1
1
0
4
0
1
2
1
1
1
2
2
5
0
1
0
2
1
0
0
1
0
0
2
1
1
1
0
1
3
1
1
0
2
3
1
0
1
0
0
2
2
1
2
1
0
2
2
1
2
0
3
1
1
3
3
2
2
2
0
0
2
1
2
1
0
1
0
3
0
2
1
1
1
3
2
2
1
2
1
1
4
0
1
2
0
0
5
3
5
0
3
0
1
1
3
1
4
1
0
0
2
2
2
2
1
1
0
1
0
0
1
2
3
2
2
1
0
0
0
1
0
0
2
0
0
0
3
0
3
3
1
2
1
3
2
0
0
0
0
0
1
1
1
0
1
3
1
2
3
4
0
3
3
2
0
1
0
0
1
1
1
2
0
2
4
2
0
0
1
1
0
2
2
0
1
2
0
1
2
0
2
1
1
0
2
1
3
2
3
0
1
2
1
1
1
1
1
2
0
1
1
1
0
0
1
2
0
2
1
1
1
2
2
0
0
1
2
1
0
4
0
1
0
2
2
0
0
4
0
1
2
0
0
1
1
1
2
1
0
0
1
2
1
1
1
1
1
3
1
2
3
0
1
1
1
0
2
1
3
0
1
1
1
2
2
1
1
0
2
3
1
1
0
0
0
1
1
1
1
2
1
2
0
1
3
1
0
1
2
1
0
0
0
1
1
2
0
1
1
2
0
1
0
4
2
2
0
2
0
3
4
1
0
0
0
1
2
0
1
0
0
3
2
1
0
0
0
3
2
0
3
0
1
0
0
0
0
0
1
2
2
1
1
1
1
2
0
2
2
0
1
2
0
1
3
0
1
0
1
0
0
1
1
0
4
2
0
2
0
2
0
1
0
1
3
0
1
1
0
1
0
1
3
3
2
1
0
0
0
2
1
1
0
0
0
2
0
0
2
2
0
0
1
3
1
0
0
3
2
0
5
0
3
0
0
1
0
2
1
2
1
0
0
0
1
2
0
1
3
1
1
4
0
1
1
0
1
2
0
0
0
0
3
1
0
1
0
0
0
1
0
1
1
1
0
0
1
1
1
2
0
0
0
1
0
3
1
1
0
2
0
1
4
0
2
0
2
3
0
0
0
1
2
3
2
1
2
1
4
1
1
0
1
1
0
0
0
1
1
3
3
1
0
1
1
0
2
0
0
1
1
1
1
0
0
1
0
0
2
2
1
0
0
0
1
1
0
3
1
1
0
1
0
0
2
3
0
0
2
0
1
0
0
2
1
1
0
2
1
2
0
2
2
1
0
0
0
5
2
1
1
2
2
0
1
0
1
0
2
1
1
1
0
1
0
3