86592
6692
3702
2568
2007
1599
1386
1114
977
887
810
779
700
647
615
596
557
539
443
432
430
438
420
398
381
423
355
379
307
317
309
327
321
323
283
292
289
282
273
285
264
256
258
271
267
228
242
242
224
246
220
191
229
204
216
213
220
208
200
229
208
210
168
198
181
207
225
180
171
179
197
173
205
171
181
186
172
193
167
171
171
169
168
153
164
158
172
157
170
164
161
180
154
150
157
148
146
166
169
166
160
152
149
176
146
160
155
163
140
140
152
132
138
146
163
160
153
157
152
176
157
137
156
142
146
133
171
162
141
150
143
106
139
125
173
126
136
156
128
135
149
111
140
124
132
133
121
142
137
121
131
117
133
125
115
114
126
116
120
141
133
134
124
134
138
132
120
149
123
119
115
110
119
140
140
120
113
133
111
122
116
128
116
127
133
117
147
123
124
117
133
124
124
126
131
113
109
125
127
101
122
124
127
118
114
126
128
115
108
124
126
123
107
122
96
113
131
103
126
120
122
112
116
126
97
110
93
121
129
127
120
100
118
104
125
129
120
113
115
123
113
122
111
127
117
131
112
115
116
120
119
112
99
127
125
112
126
102
107
85
128
101
112
118
125
102
132
108
107
93
126
82
111
116
100
95
107
111
108
99
98
107
125
104
96
101
97
96
125
119
106
115
91
115
106
133
98
125
115
104
101
100
104
109
101
116
93
102
120
106
98
95
124
95
111
115
130
127
111
120
111
110
121
107
97
102
96
107
112
104
111
106
117
113
100
110
102
105
97
100
95
89
118
102
99
110
113
104
129
120
106
94
124
100
86
118
123
94
99
108
105
102
98
99
107
105
125
82
104
109
86
116
96
107
111
107
106
95
117
110
108
88
105
104
100
90
106
95
129
86
96
107
94
98
100
86
105
99
103
89
113
104
113
96
112
100
107
107
110
103
82
89
100
113
105
100
91
97
98
96
106
105
96
111
103
98
86
104
104
91
116
116
106
107
96
93
127
89
106
98
82
93
104
107
97
102
95
94
104
100
119
89
102
105
100
93
98
86
94
110
107
84
107
95
111
87
112
97
100
90
106
95
92
104
78
100
99
114
86
92
92
99
99
96
113
101
99
128
113
99
105
86
90
111
115
107
99
98
95
92
106
83
108
93
113
103
109
109
103
87
99
111
102
91
101
114
108
82
82
97
89
91
85
111
85
90
95
89
112
112
103
78
104
111
123
97
87
110
96
103
94
104
94
114
98
92
96
102
79
91
106
90
96
118
107
104
88
79
66