87539
6266
3702
2523
1837
1560
1389
1134
989
932
834
737
734
642
635
544
510
492
475
475
422
415
436
352
374
348
321
355
326
345
301
292
315
275
265
299
269
287
259
256
251
267
248
238
258
243
243
230
210
207
223
220
221
231
201
210
193
193
209
179
190
183
197
192
206
206
186
199
173
186
178
162
151
165
180
189
187
168
158
153
159
168
145
158
149
176
153
163
159
146
167
145
148
138
152
155
140
146
150
140
167
122
161
151
118
170
153
156
145
138
147
133
132
159
130
136
147
118
125
131
137
143
105
143
126
129
156
141
133
146
97
136
133
139
140
142
109
125
107
117
103
115
127
139
121
118
119
128
133
122
130
140
129
123
102
124
121
136
128
132
116
123
126
133
118
104
113
125
144
103
137
115
143
97
119
120
97
110
114
117
112
120
119
123
109
125
106
127
110
120
114
125
128
102
117
123
117
115
109
108
114
104
104
97
117
112
125
116
101
112
112
114
87
111
117
101
120
106
91
114
116
112
116
116
123
122
102
110
128
103
131
123
115
117
102
110
113
114
112
129
107
122
111
108
87
112
111
95
121
107
87
91
127
111
114
97
111
90
98
114
104
116
132
107
107
94
106
115
95
95
117
96
103
94
121
99
103
107
105
94
97
108
112
110
98
103
91
92
92
115
99
96
104
91
100
97
93
82
77
110
92
90
107
93
106
100
87
88
100
116
108
98
115
113
106
107
104
106
91
120
97
94
79
92
101
101
103
108
106
115
94
104
109
113
90
93
114
111
108
117
98
94
101
113
113
103
103
105
116
96
95
86
83
103
115
99
88
103
92
112
84
108
90
121
110
93
103
108
92
98
82
98
107
111
108
109
101
109
83
112
92
100
97
98
93
115
95
84
82
116
95
117
82
91
96
94
96
95
101
94
91
91
101
109
103
101
99
104
94
94
106
101
90
95
101
96
103
102
91
90
100
92
100
116
103
106
102
98
110
107
95
101
98
86
96
108
100
95
99
102
92
75
93
102
107
93
94
91
109
96
95
98
83
85
100
71
87
87
98
106
106
97
111
84
85
89
95
103
80
92
96
96
89
104
112
97
82
87
94
94
110
112
83
87
99
95
87
113
106
111
105
84
98
93
89
111
111
95
83
94
82
118
97
102
95
86
102
84
97
105
87
100
90
77
79
97
104
88
100
97
91
93
89
83
96
105
102
82
91
103
82
88
94
84
98
88
95
84
99
88
82
93
79
114
79
80
101
99
91
99
93
91
97
100
94
92
94
97
87
95
91
104
71
82
81
71
113
82
81
106
89
92
84
89
64