131654
9775
4752
3053
2245
1749
1354
1082
946
851
710
614
553
498
500
415
376
376
354
331
315
289
267
257
225
250
210
211
183
186
189
169
167
189
158
153
153
143
124
144
145
128
114
132
100
108
97
110
130
93
94
87
103
90
88
89
70
74
72
76
72
77
68
74
77
57
62
70
55
66
65
67
63
60
61
51
51
57
51
55
47
53
45
40
50
56
59
48
34
41
41
43
38
54
54
41
46
42
52
31
30
39
50
51
37
37
35
38
39
34
35
34
23
40
48
35
28
39
34
31
36
31
30
35
33
29
24
29
34
23
30
37
26
19
32
33
27
28
27
34
31
26
29
20
28
31
26
25
27
27
28
17
19
23
20
25
21
21
14
25
23
23
22
20
22
18
23
21
18
24
18
25
21
26
23
16
19
11
17
20
13
19
16
21
24
27
21
17
14
17
20
14
11
19
13
19
17
12
18
18
21
18
14
19
12
16
19
15
9
14
10
13
11
17
15
10
19
20
19
17
9
13
17
13
21
13
12
17
24
15
17
13
16
11
24
19
15
16
9
11
9
22
16
13
17
10
18
17
11
17
10
8
16
15
20
9
11
12
15
11
8
9
14
11
9
11
10
12
15
15
13
15
8
12
9
10
8
15
12
11
11
11
16
11
13
8
10
10
9
12
12
8
12
9
7
9
10
9
8
8
12
7
14
13
12
6
14
6
11
9
9
9
10
8
11
8
6
9
12
20
12
11
6
15
3
10
9
9
10
10
12
8
12
8
4
5
8
12
10
13
9
14
4
6
8
10
7
8
4
10
6
9
6
9
6
13
7
12
6
9
4
11
13
9
8
9
7
4
6
11
7
6
5
13
2
7
11
4
5
6
12
10
5
7
3
6
10
9
4
5
10
7
5
5
6
6
12
6
6
12
6
7
8
12
5
14
6
14
8
11
9
13
5
8
12
4
4
5
8
9
8
9
9
8
15
6
7
9
6
6
6
10
5
7
8
4
1
7
10
9
5
4
7
8
11
10
11
7
7
9
6
6
4
6
4
14
11
6
6
5
3
6
4
11
4
7
3
6
5
4
5
6
5
11
4
7
4
4
5
5
8
6
4
5
1
8
7
7
8
2
6
3
10
6
5
1
9
1
7
6
2
5
1
4
2
1
8
4
6
7
5
6
6
4
5
11
11
5
9
9
5
8
4
7
7
6
5
5
7
3
8
1
8
3
5
9
1
5
9
5
4
3
4
3
4
7
7
9
2
8
8
4
6
5
4
2
8
6
4
4
4
6
5
7
3
7
8
3
5
4
9
5
6
3
7
5
6
7
1
7
3
8
7
7
8
4
11
4
1
4
4
7
3
4
4
6
4
6
6
4
5
3
7
6
3
6
3
2
6
7
6
9
3
4
2
4
7
3
6
4
4
3
2
2
5
3
2
3
7
3
3
2
8
5
3
5
4
6
5
4
3
3
4
4
3
1
3
6
4
6
7
6
9
3
2
3
5
4
6
6
6
3
7
3
5
7
2
6
5
2
5
5
5
5
2
2
0
4
2
3
5
4
3
4
6
3
2
5
2
4
4
1
4
6
1
0
8
3
2
6
5
6
5
5
4
5
4
1
7
4
2
7
2
2
5
2
2
3
5
4
2
7
4
2
6
4
8
0
3
4
3
5
1
3
4
3
1
3
9
4
4
6
3
4
4
3
3
4
7
8
7
4
5
6
3
8
2
1
4
3
6
6
5
7
2
3
2
5
4
6
3
4
1
6
2
3
5
5
7
3
5
3
3
0
4
4
2
5
3
3
6
5
6
1
2
4
7
2
4
3
5
4
4
7
3
0
3
3
2
4
3
0
1
1
8
3
4
0
1
3
3
4
3
3
6
2
5
3
3
3
4
2
8
2
5
7
1
2
4
4
5
5
2
2
5
4
5
2
5
4
2
4
4
4
2
0
6
2
2
7
3
1
5
3
3
4
4
4
2
2
6
3
3
2
5
3
1
2
4
1
3
1
5
1
4
2
2
8
3
5
1
4
2
5
5
5
4
2
3
5
6
3
2
2
2
0
3
1
3
5
2
4
0
2
0
2
4
4
3
6
2
1
1
4
3
2
6
4
2
5
0
5
1
4
1
3
5
5
4
2
4
4
4
1
2
4
2
2
3
4
3
2
3
6
2
6
4
3
3
2
3
4
2
1
3
2
1
3
3
5
5
1
3
4
5
3
2
2
1
3
4
1
1
5
4
2
3
1
5
0
2
3
1
1
3
0
2
0
3
2
3
2
4
5
0
2
3
4
1
12
3
3
3
0
2
2
4
5
3
4
2
3
2
1
3
2
5
2
1
3
3
1
4
2
2
5
2
4
2
1
3
1
5
2
2
4
2
3
2
3
4
4
3
3
4
3
0
3
3
0
5
3
5
1
4
3
1
2
1
2
3
1
6
3
5
2
2
2
2
1
2
3
2
2
4
1
2
2
1
0
2
0
2
3
1
3
0
1
4
3
2
0
3
5
2
2
4
2
2
2
1
2
5
2
0
1
2
3
2
2
3
1
1
2
3
1
1
2
5
1
3
8
1
1
1
5
2
2
4
2
2
1
5
4
2
2
3
4
3
2
3
1
1
4
2
2
1
2
4
1
5
3
4
1
4
4
3
3
3
1
2
5
1
1
1
3
4
4
2
3
6
1
3
5
1
5
0
1
2
2
4
1
0
3
2
4
5
1
1
4
1
0
2
2
3
2
2
5
5
3
1
2
0
2
3
1
3
1
1
2
2
3
3
2
4
4
2
2
2
3
6
2
3
3
4
4
2
1
0
2
5
2
1
3
3
2
3
4
3
1
1
3
2
4
3
1
5
6
5
1
1
2
2
4
2
1
1
2
5
4
1
2
0
3
3
3
3
0
1
1
2
3
5
0
2
1
3
2
4
0
3
5
3
4
4
2
1
0
3
1
1
0
4
3
2
5
1
4
2
2
3
4
3
4
5
1
5
3
3
2
3
4
1
2
3
3
0
3
2
2
6
1
1
7
3
1
1
4
2
1
1
0
1
2
2
3
2
1
2
2
4
4
3
7
1
1
0
2
0
2
2
4
2
1
2
4
1
2
5
1
2
3
2
0
2
1
1
2
0
2
4
3
0
1
2
1
3
0
1
3
4
2
2
1
1
2
2
3
2
0
4
1
0
3
0
1
2
5
2
3
1
4
1
1
1
2
4
3
0
1
2
2
2
2
4
2
1
1
2
2
3
3
2
2
1
4
0
3
3
4
4
0
1
1
1
1
0
1
2
1
1
1
2
0
5
1
3
3
2
2
1
1
1
5
3
2
2
3
1
2
1
2
3
1
2
1
2
3
4
3
1
1
2
4
4
5
0
3
2
0
1
1
1
2
4
2
1
4
0
1
3
3
3
1
1
5
2
1
3
2
0
0
3
2
4
3
0
2
1
0
3
0
3
5
3
4
3
1
4
2
0
1
1
5
3
2
3
0
0
5
2
1
0
1
2
3
4
1
3
4
3
1
6
2
3
1
1
1
3
2
2
5
4
8
1
1
5
6
2
1
4
0
2
6
3
4
2
3
4
1
2
1
4
1
3
2
0
1
1
1
2
1
1
5
2
1
2
2
2
4
2
0
1
1
2
2
1
2
2
1
0
4
2
1
6
4
0
3
0
2
1
0
2
1
1
3
1
1
2
3
1
1
1
2
3
1
1
1
3
1
2
0
1
5
1
1
2
1
3
2
2
1
1
6
1
1
4
2
2
3
3
2
1
1
1
2
2
1
1
0
4
0
3
1
1
1
3
0
3
3
0
0
0
0
2
1
3
1
2
4
1
0
1
1
2
2
0
2
1
3
3
3
1
4
2
1
2
2
3
2
3
2
3
2
1
3
0
2
2
2
2
2
2
4
0
2
1
3
2
3
1
1
4
1
6
1
1
3
3
2
2
4
1
2
1
2
0
1
0
2
2
1
2
2
0
2
3
1
2
1
0
0
5
2
2
0
4
1
1
2
4
1
2
1
3
2
4
3
2
4
0
1
2
4
2
0
2
3
0
2
5
1
1
2
3
1
5
4
2
3
2
4
3
3
0
2
1
2
2
0
2
4
3
0
2
3
2
5
3
5
1
0
4
2
0
2
2
2
0
2
1
6
2
0
0
1
3
0
1
3
0
1
2
2
2
0
0
4
0
1
1
2
2
0
1
1
3
1
3
2
1
4
3
1
1
2
4
1
0
4
0
1
1
0
4
2
1
1
0
1
1
0
1
0
1
1
0
0
4
2
4
3
4
3
2
2
4
3
1
3
2
1
2
5
2
3
3
1
3
2
1
5
1
2
2
2
3
1
2
1
1
1
2
1
3
2
0
1
3
0
3
0
1
1
1
3
1
3
0
1
1
1
1
0
1
2
1
3
2
1
0
3
0
1
3
2
0
2
1
1
2
1
2
1
3
1
1
0
1
1
4
1
0
0
2
2
4
4
0
1
1
4
4
3
0
4
1
2
1
1
1
0
0
0
5
1
0
4
3
3
3
0
3
1
1
4
1
1
1
2
2
1
4
0
1
1
3
2
0
2
5
1
1
2
3
0
4
1
0
2
4
1
2
4
3
1
2
2
0
0
0
2
0
2
0
0
2
1
3
0
1
1
0
3
2
0
0
3
3
3
4
1
1
3
5
0
1
2
1
0
2
3
0
1
0
3
2
2
2
2
2
0
3
1
0
1
2
0
0
2
1
1
2
4
2
1
1
3
0
2
4
3
4
1
1
2
1
1
2
2
0
3
1
1
2
1
2
2
5
0
2
1
1
1
2
1
1
1
1
2
2
3
3
2
1
2
1
5
1
1
2
4
1
4
2
3
1
1
1
0
3
3
0
0
2
0
4
1
1
3
1
0
0
3
2
2
0
1
3
3
4
2
1
1
4
2
3
2
3
0
0
4
1
1
1
2
2
5
0
1
0
1
2
1
2
1
2
1
1
0
2
3
2
2
1
1
1
1
1
3
0
0
1
1
3
1
0
5
2
3
1
2
2
2
2
2
3
3
2
1
1
4
3
2
1
3
2
2
2
1
3
1
0
1
2
0
1
1
1
2
2
2
2
4
1
3
0
2
0
0
2
1
1
1
2
1
0
0
2
3
0
2
2
3
2
1
2
2
0
3
4
3
1
1
2
1
2
1
1
1
1
5
2
2
1
2
0
1
2
0
3
3
1
2
3
1
1
2
2
2
2
0
1
1
1
0
2
1
1
1
0
1
2
0
3
1
1
0
3
3
2
2
0
3
1
4
1
4
0
3
1
1
0
4
1
1
0
0
1
1
3
0
2
1
2
4
2
0
1
0
3
1
1
1
5
1
4
1
2
4
2
1
2
1
2
0
0
0
1
1
1
0
1
1
2
1
0
2
3
1
0
4
5
2
0
0
2
2
1
1
3
1
3
2
1
4
0
3
2
2
1
4
1
2
1
1
1
2
1
2
0
1
1
2
1
0
1
2
1
0
1
3
1
1
2
2
3
0
2
1
4
0
3
1
1
1
1
0
5
0
1
2
2
1
1
2
3
1
1
0
1
1
2
1
3
0
2
1
1
1
3
2
3
2
0
4
3
0
1
1
2
1
2
3
1
1
1
2
1
3
4
1
0
3
0
0
1
1
2
2
3
1
0
6
3
3
1
2
0
1
1
4
0
1
2
3
0
1
2
2
0
1
2
0
1
1
0
1
1
4
1
7
0
1
1
2
3
0
0
2
0
2
0
2
0
2
3
3
4
0
0
1
2
1
1
1
2
0
2
1
0
1
3
2
0
1
0
1
2
2
2
2
0
3
2
1
2
0
1
3
1
0
2
0
0
1
0
1
1
4
4
1
0
3
1
1
1
2
2
0
1
2
1
2
1
2
0
1
1
1
4
2
5
0
1
0
2
1
1
0
1
2
3
3
0
3
0
1
0
2
1
0
2
2
0
2
1
0
3
3
3
2
3
2
1
0
0
0
0
0
3
1
2
1
2
0
2
1
3
1
1
1
4
0
0
2
3
1
0
0
3
1
1
2
3
2
2
0
2
1
0
4
2
0
3
0
1
1
0
4
2
1
1
2
0
2
2
2
1
0
5
1
2
3
3
1
2
1
1
1
3
2
0
3
0
0
0
0
2
3
1
0
3
1
0
3
2
3
1
1
0
2
1
0
2
2
1
1
2
0
3
0
1
0
0
0
1
0
5
2
2
0
2
1
4
1
1
4
1
0
1
2
0
1
2
3
2
1
0
4
4
0
2
2
0
1
3
0
1
0
4
1
1
1
2
3
0
2
2
1
0
1
2
0
3
0
0
1
1
1
1
4
2
0
1
1
4
3
2
1
1
1
0
1
0
0
0
3
1
0
2
2
1
2
2
2
0
1
1
1
3
0
1
2
0
1
3
2
0
2
2
0
2
3
0
1
1
2
2
1
0
3
1
4
1
1
0
2
1
1
0
0
0
0
1
0
3
4
4
6
2
4
4
2
2
3
5
0
1
1
0
1
1
1
1
1
1
0
1
2
2
2
2
3
3
2
1
1
0
1
0
0
1
0
2
2
1
2
3
1
1
1
1
1
1
0
2
1
0
0
0
6
2
2
0
1
0
2
1
1
5
1
0
1
1
1
1
2
1
1
2
0
3
1
5
0
0
0
3
2
0
2
2
2
1
1
1
3
1
1
1
0
0
2
2
1
1
3
2
1
0
1
2
0
0
1
1
1
1
3
0
2
0
1
2
1
0
1
1
1
0
0
0
1
0
1
2
1
3
0
4
2
1
0
0
5
0
3
2
2
2
1
0
2
1
0
2
1
1
0
4
0
1
0
2
0
2
2
2
2
0
0
0
0
2
1
0
1
3
1
0
1
3
2
2
0
4
0
2
1
0
0
2
1
2
0
2
2
3
1
1
0
0
1
0
1
1
3
2
4
2
1
0
1
1
1
0
1
0
2
1
1
1
3
0
0
2
2
2
2
1
2
1
0
1
2
2
3
0
0
2
0
2
2
3
1
1
2
1
0
1
1
1
3
1
0
4
1
1
1
1
1
3
2
2
1
2
1
0
2
0
0
3
4
1
0
3
1
1
0
4
2
3
3
2
0
0
1
3
0
5
1
2
1
0
0
2
0
3
0
1
0
0
0
1
0
2
1
1
4
2
2
6
1
1
1
0
1
1
3
1
0
2
1
2
0
1
1
0
3
1
1
1
1
2
0
1
2
1
2
0
1
1
3
1
0
0
1
2
2
3
2
1
1
2
0
0
1
1
3
0
1
2
0
1
1
0
1
0
0
2
1
0
0
0
1
3
0
3
1
1
0
1
3
1
0
1
1
2
1
0
1
4
2
1
1
2
1
1
1
5
3
0
3
1
1
1
2
1
6
4
1
1
0
0
4
1
2
1
0
2
0
1
0
0
2
1
1
2
1
2
1
2
1
2
1
1
1
5
0
1
4
3
1
1
4
0
0
1
1
3
0
1
2
2
0
2
0
1
2
1
1
0
2
0
1
0
0
0
1
2
2
0
0
1
0
0
1
0
4
1
1
2
2
3
2
0
2
0
1
0
0
1
1
4
0
1
4
0
0
3
0
0
1
1
0
0
1
0
0
1
2
1
0
2
0
2
2
2
1
0
3
1
1
0
3
1
2
2
5
2
0
3
2
0
1
2
1
1
1
1
0
1
0
2
4
1
0
0
1
2
1
1
2
0
1
0
1
1
0
2
1
0
3
0
2
0
2
0
1
0
3
5
1
1
0
2
0
3
2
1
3
3
3
0
1
0
4
1
1
1
0
0
0
1
2
0
2
2
1
0
0
2
0
4
0
1
0
0
1
2
3
2
0
2
2
1
0
0
1
3
0
2
3
3
1
2
1
2
0
0
1
2
0
2
0
2
2
1
0
0
1
1
2
0
0
0
0
1
0
1
1
2
0
0
0
0
2
2
1
1
1
2
2
1
0
0
1
2
1
1
2
3
0
0
1
2
0
0
1
1
2
2
3
0
0
0
4
2
3
1
1
0
0
1
2
0
3
3
1
2
0
1
0
0
2
2
1
3
2
1
2
0
2
5
1
2
1
1
1
2
4
0
1
1
1
0
3
3
2
2
0
2
1
2
2
2
1
2
2
2
1
0
1
5
0
1
3
0
3
1
0
0
0
0
3
2
1
0
1
0
2
1
1
3
0
1
3
1
1
2
1
0
1
4
0
1
2
2
1
1
2
0
0
2
2
0
1
0
3
0
1
0
0
0
1
0
1
2
0
3
3
3
2
4
1
1
1
2
1
2
0
1
2
0
2
2
0
2
0
2
2
2
1
0
3
0
0
0
0
0
2
2
0
1
5
1
1
1
3
0
3
3
1
3
0
0
2
3
0
3
5
1
1
1
2
1
2
0
3
0
1
1
1
1
2
1
2
0
2
3
1
3
2
0
0
3
3
0
3
1
1
1
0
4
2
1
1
2
2
1
0
2
0
0
2
3
1
2
0
3
2
1
0
2
1
1
0
3
1
0
3
1
1
0
2
2
0
1
1
0
0
1
1
1
1
0
2
0
2
1
0
0
2
0
4
1
1
1
0
2
2
1
1
1
2
1
1
2
2
2
1
1
0
2
3
1
1
3
2
1
2
1
0
3
0
1
2
3
2
2
2
0
1
0
2
0
0
1
0
0
2
2
1
0
2
0
1
1
2
2
0
5
3
0
0
1
0
1
2
0
2
0
1
3
0
1
1
4
0
3
1
1
1
1
1
2
0
2
3
3
0
1
1
1
4
2
0
2
0
1
1
2
0
1
1
2
1
1
1
1
0
3
1
0
1
1
1
2
2
2
1
0
2
0
1
0
2
1
1
1
2
0
1
2
0
1
0
0
2
1
1
0
1
3
1
0
0
0
2
2
2
0
1
2
0
0
0
1
0
0
1
2
0
3
1
1
1
1
1
2
0
1
4
0
1
0
1
0
0
1
1
0
0
1
1
2
1
1
2
0
0
2
1
0
1
4
0
0
1
2
3
2
1
0
0
1
1
1
1
2
2
1
0
1
1
2
3
0
2
0
0
2
1
2
1
1
2
3
1
0
4
0
3
1
1
0
0
1
3
0
0
1
0
2
2
0
0
0
0
2
0
1
0
0
1
0
3
3
0
0
0
1
1
2
1
1
1
3
1
0
1
1
0
1
1
0
1
0
1
0
0
4
1
3
1
1
1
0
4
0
1
1
3
0
0
0
3
1
3
1
2
2
3
1
1
1
2
1
2
2
1
1
1
2
2
2
2
2
1
1
1
1
1
2
0
1
3
0
2
0
0
1
2
0
2
3
1
0
1
1
1
2
0
2
0
2
0
2
1
2
4
0
0
1
0
3
1
3
1
2
0
2
1
0
2
4
2
2
1
1
0
1
0
2
0
0
2
0
0
5
0
2
1
2
1
1
3
1
2
2
1
1
1
1
1
1
2
0
0
1
1
0
0
2
2
1
1
0
0
2
0
0
2
0
0
0
1
0
1
6
3
0
0
1
1
1
4
1
1
0
1
0
1
1
1
4
1
0
2
0
3
0
1
1
0
2
2
2
1
1
1
4
3
0
1
0
0
1
1
1
0
1
2
1
0
1
0
1
1
1
2
1
1
0
4
3
0
0
2
1
1
0
1
3
0
4
1
4
2
1
4
2
0
2
1
0
1
3
2
2
1
1
0
2
3
2
0
0
1
2
3
1
1
1
0
1
1
0
1
0
1
0
0
0
3
1
0
1
0
1
0
1
0
1
1
3
1
2
0
0
1
2
1
0
0
3
2
0
1
0
3
4
1
1
2
2
1
3
1
2
2
1
2
0
0
0
0
0
0
0
1
1
1
1
0
1
1
1
4
1
2
1
0
2
0
3
0
0
1
4
1
0
3
2
1
0
0
0
0
1
1
0
1
1
1
1
0
0
0
2
3
1
1
1
2
1
1
0
0
1
0
1
3
2
2
1
1
1
1
1
3
2
4
1
0
1
0
1
0
1
5
2
2
2
0
2
1
1
2
1
0
0
1
0
1
2
2
0
1
1
0
1
1
1
2
2
1
4
0
0
0
1
2
1
2
3
0
0
1
0
2
0
2
2
1
1
0
1
1
2
1
1
1
4
1
3
0
0
0
0
0
1
2
2
0
1
1
2
0
0
2
1
0
0
2
0
2
0
1
1
2
1
1
1
1
1
1
0
0
1
1
2
1
1
1
1
1
1
0
0
1
1
1
2
1
3
1
1
1
1
0
1
2
1
0
0
0
1
0
1
3
0
3
0
1
0
1
3
0
0
3
0
1
2
1
3
0
2
2