988
882
943
951
982
962
967
958
971
947
949
959
966
956
945
930
969
931
961
964
921
975
959
995
956
988
953
1001
1004
937
899
937
978
965
968
999
937
999
905
899
995
970
949
935
891
932
968
1001
978
979
982
931
973
949
938
936
909
959
951
957
972
954
977
961
970
961
952
968
996
961
942
926
958
972
932
971
930
1012
937
948
961
965
995
921
922
965
965
1032
930
976
925
979
934
1023
959
1001
1009
958
935
973
919
1000
930
998
995
961
985
946
1009
987
942
952
970
956
1016
960
1003
948
992
944
977
954
959
911
988
993
985
965
967
962
975
936
933
977
930
980
914
949
1013
912
981
990
951
956
972
976
951
990
963
949
998
910
966
994
1024
981
940
1032
933
963
958
948
939
913
972
942
945
1033
957
898
995
977
963
949
966
950
950
961
984
971
944
905
987
997
901
986
899
921
984