132326
9114
4711
2989
2113
1637
1303
1106
917
824
700
608
561
502
467
408
382
365
337
281
274
251
245
240
261
220
183
187
191
178
178
163
150
151
159
141
140
143
137
114
114
125
117
99
116
94
105
95
98
103
77
85
100
87
66
80
73
66
74
58
75
75
55
71
58
66
77
71
65
67
52
67
56
57
51
56
44
51
57
49
49
48
48
47
44
38
58
39
37
44
47
30
46
41
46
36
44
38
40
36
38
30
49
40
41
26
34
20
28
46
32
44
31
28
26
34
21
36
34
34
31
30
37
28
37
37
28
27
32
26
23
28
30
29
35
29
20
15
22
23
31
20
29
21
25
19
27
20
22
13
29
21
23
29
34
20
24
14
27
22
25
29
25
26
23
20
18
20
20
26
15
25
26
20
20
19
23
19
17
21
20
17
18
13
21
17
17
14
16
14
12
21
15
13
17
13
14
21
16
17
17
15
15
19
16
17
11
16
23
15
17
15
10
17
15
19
12
15
9
20
16
20
13
18
19
5
18
12
12
13
12
19
12
18
9
13
16
7
11
4
10
12
13
13
15
11
15
10
18
15
10
16
8
11
8
18
12
9
15
14
7
10
8
11
11
14
13
14
10
11
4
11
14
11
15
8
11
7
11
15
10
10
11
9
15
11
9
13
5
2
9
8
4
10
9
8
12
9
10
7
10
6
5
13
13
5
3
14
5
12
6
8
8
8
7
13
9
10
7
12
11
11
15
8
14
4
5
7
11
12
7
12
7
11
4
12
10
15
4
12
11
0
13
12
5
8
5
6
8
6
4
6
6
7
8
5
8
7
7
4
8
6
9
10
6
10
6
7
2
8
3
9
7
10
6
13
11
10
8
6
8
5
9
9
7
8
13
4
6
12
6
6
4
9
7
6
12
6
7
12
6
10
3
5
9
8
6
7
9
3
9
10
5
8
9
4
6
6
12
6
8
5
12
9
7
4
5
7
7
11
9
10
6
10
6
12
5
6
6
5
7
8
8
8
6
7
6
5
7
6
6
5
6
5
3
6
6
2
3
6
2
6
5
7
3
6
7
5
6
4
2
7
5
5
5
4
4
5
6
4
10
4
4
2
1
6
9
3
3
7
8
6
3
8
7
2
8
5
5
4
7
5
8
5
6
5
4
4
5
5
6
6
10
8
2
1
4
5
5
5
5
4
9
6
6
4
5
8
6
7
6
7
7
2
3
4
2
5
7
4
3
7
7
6
4
3
2
6
4
4
3
3
5
4
6
6
8
6
9
4
4
4
8
8
7
6
3
5
6
9
7
4
2
5
4
2
8
4
1
6
2
5
2
4
8
3
6
3
4
5
7
1
2
5
3
3
7
3
3
6
6
4
5
6
3
5
9
5
3
2
6
3
4
7
4
4
5
4
4
4
6
4
3
5
3
1
5
5
4
7
7
3
8
8
5
11
6
4
1
7
8
1
5
4
3
4
2
3
5
5
3
4
7
4
5
0
2
1
3
5
4
6
4
6
1
4
7
12
1
2
8
3
2
3
1
3
8
5
5
6
3
2
1
4
4
5
1
3
4
5
3
4
4
3
4
2
5
4
6
3
3
4
1
3
2
1
3
2
1
5
2
4
2
3
2
5
4
1
5
5
2
5
3
1
4
6
4
1
2
5
9
1
5
2
2
2
0
2
1
5
8
2
4
3
4
1
2
0
1
2
3
6
4
4
2
4
5
3
4
5
5
6
4
3
2
1
1
1
1
2
5
2
2
2
3
2
4
2
2
5
3
3
1
3
3
1
7
2
1
7
4
6
5
6
2
3
3
3
1
4
3
3
4
2
4
2
2
4
2
3
1
5
3
2
4
8
6
1
5
4
3
3
3
2
5
3
3
0
2
2
6
4
5
4
1
2
1
3
1
2
0
3
4
2
3
2
2
0
2
5
1
3
4
6
2
5
4
4
3
3
7
3
5
3
0
2
1
5
2
4
2
3
3
4
6
2
3
4
2
3
1
4
3
3
2
5
4
7
3
1
2
1
4
6
1
4
8
2
2
4
1
1
5
3
0
0
3
2
4
5
1
1
2
3
4
4
4
4
6
4
1
1
3
7
5
1
1
5
1
3
3
4
4
4
2
0
2
3
4
5
2
4
2
4
3
1
3
0
1
3
5
1
3
2
3
4
3
5
2
8
5
0
0
5
2
5
1
0
5
1
1
4
2
2
5
4
2
3
1
3
2
5
5
1
3
4
3
0
4
2
3
2
0
2
2
4
2
5
1
5
1
2
2
1
1
4
1
1
3
0
3
2
3
4
2
1
2
3
3
3
7
4
3
1
4
5
1
2
0
4
0
3
3
4
7
3
1
3
1
1
0
8
1
3
4
3
3
2
2
4
2
2
9
4
2
1
2
1
1
4
0
2
3
2
4
0
0
3
3
1
2
4
5
0
3
0
0
3
3
4
3
1
0
4
1
3
1
1
4
3
2
2
2
1
2
1
2
7
1
1
3
0
3
6
4
5
1
0
3
2
5
0
0
1
4
3
4
2
3
0
2
4
1
1
4
2
1
2
5
0
1
5
4
2
0
4
1
3
0
2
1
1
1
3
5
1
3
1
4
1
5
4
4
3
3
1
3
1
4
4
3
1
1
5
0
3
0
0
2
4
4
2
0
1
1
3
2
1
1
3
3
3
2
2
2
1
4
2
1
4
0
3
3
6
2
4
1
0
1
3
5
2
1
3
0
2
0
1
3
7
3
1
0
1
1
5
1
4
3
1
3
3
0
6
1
2
2
2
2
2
0
3
3
4
3
1
1
4
1
0
5
2
2
2
0
4
2
1
3
4
1
3
0
3
1
2
1
1
0
2
3
1
1
1
0
6
0
2
1
3
1
4
3
2
0
2
1
0
5
2
3
2
3
3
0
4
2
3
1
0
2
2
2
3
4
1
4
4
1
1
2
4
4
0
2
2
1
3
4
2
2
2
3
1
4
2
2
1
1
1
3
2
5
1
4
3
4
1
3
1
2
4
3
2
1
0
5
7
4
1
2
3
2
0
1
2
2
3
3
6
3
1
2
3
2
3
1
1
4
0
2
0
1
1
1
1
4
4
5
0
1
6
3
1
0
4
1
2
2
3
1
3
2
1
3
2
1
5
1
0
0
1
2
5
2
3
1
1
0
2
0
0
1
2
2
1
2
1
3
1
2
1
3
2
1
4
3
3
5
4
1
1
1
1
1
1
1
1
1
6
0
2
0
0
1
0
1
1
1
2
0
4
1
1
2
1
0
1
5
5
4
2
1
4
1
2
6
4
5
1
1
0
1
2
0
2
1
1
2
2
2
4
2
2
1
3
1
3
2
3
3
2
3
2
2
0
4
2
2
0
2
5
5
3
2
0
0
2
3
4
0
2
2
2
0
0
2
3
1
2
5
2
2
2
1
2
2
2
2
1
2
0
1
4
3
2
2
0
1
4
4
0
3
4
4
1
0
1
0
0
1
2
3
1
3
2
2
2
4
0
3
1
2
2
1
2
2
1
2
1
1
1
5
3
1
3
2
0
0
0
5
1
0
2
2
0
1
0
0
1
2
3
1
3
3
3
2
1
2
2
3
1
2
1
1
1
2
2
3
2
4
0
4
3
2
2
2
1
1
0
3
0
2
1
4
3
2
0
4
1
1
1
2
0
2
1
0
0
1
0
2
3
0
0
1
4
1
2
1
1
2
1
0
1
4
2
2
1
5
2
6
2
0
1
1
0
2
3
1
2
0
0
2
3
0
1
4
2
3
0
3
2
3
4
2
3
1
1
1
1
1
2
2
1
0
0
3
2
1
1
2
2
2
3
0
2
1
0
0
0
0
4
3
0
4
0
2
1
3
4
0
0
5
3
2
2
1
2
0
4
1
1
2
2
0
2
3
5
1
2
1
0
2
3
1
2
3
2
0
0
1
0
2
4
1
2
3
6
2
2
2
3
3
4
2
2
2
5
1
2
1
0
0
1
6
1
3
1
0
0
2
2
1
3
1
1
2
0
0
2
4
1
0
1
0
2
1
1
1
2
3
2
4
4
1
2
2
2
3
0
1
4
0
2
1
0
1
0
3
0
1
1
0
3
1
1
2
3
3
2
2
2
0
2
1
2
3
3
1
0
2
4
0
2
1
5
4
6
2
1
0
2
2
2
3
0
2
3
3
3
2
3
2
2
3
1
1
1
0
3
1
1
3
1
1
6
1
2
2
1
1
2
1
2
0
1
1
0
0
2
2
5
2
2
2
1
2
1
0
2
3
1
2
1
1
2
3
4
1
1
1
3
1
1
5
2
2
1
0
1
2
2
1
2
2
3
3
1
1
1
3
1
0
2
1
1
2
2
1
3
0
1
1
2
4
2
3
1
2
3
1
0
1
1
2
2
1
1
0
2
1
1
1
3
1
1
1
0
1
0
2
0
2
2
2
2
1
1
1
1
2
0
2
2
2
0
1
1
2
1
3
1
3
0
1
2
0
1
2
1
1
1
1
0
4
3
1
1
2
3
0
1
0
1
2
1
3
1
4
1
2
1
1
1
1
4
2
1
3
1
1
1
2
1
1
2
0
3
0
1
2
1
1
3
2
0
3
0
1
3
0
1
0
1
1
0
0
1
1
0
1
3
1
0
4
3
3
1
0
3
1
1
2
2
2
1
2
1
3
3
1
3
0
4
1
2
0
1
0
1
1
0
1
1
2
3
1
4
0
4
0
0
2
2
5
1
3
0
0
0
2
3
1
2
2
2
4
1
2
3
1
1
0
0
1
1
3
0
1
2
1
2
2
1
3
3
2
0
0
0
1
2
4
2
0
2
1
3
2
1
3
3
3
2
2
1
0
4
2
1
1
1
1
1
2
1
1
1
1
2
2
1
1
2
1
0
1
2
0
0
3
3
2
1
5
2
3
3
1
1
1
1
0
0
3
1
0
1
1
0
4
2
2
2
3
2
2
3
0
2
2
1
2
2
0
4
1
0
2
2
3
0
1
4
1
0
0
1
1
3
2
0
2
1
4
2
1
0
0
1
1
2
1
3
2
2
1
2
3
1
0
1
3
2
2
2
2
1
2
2
2
4
3
2
1
1
1
6
1
2
5
1
3
1
2
1
1
2
1
1
2
2
2
0
3
2
4
1
0
0
1
0
1
3
1
1
3
2
2
1
1
0
1
2
1
3
1
0
0
2
0
3
3
1
2
0
1
0
1
0
1
1
5
0
2
2
2
1
1
3
1
2
5
1
1
1
2
1
2
1
1
2
3
0
0
1
3
1
1
2
1
2
0
3
2
2
1
1
1
2
2
1
0
0
1
0
2
2
1
2
0
1
3
4
1
1
2
2
1
0
3
1
0
0
0
1
2
2
3
0
1
3
2
1
0
2
0
1
0
4
2
4
0
0
1
1
5
3
2
5
2
3
2
1
0
1
1
0
1
0
0
2
0
1
1
2
2
2
0
2
1
2
3
0
3
1
0
0
0
1
2
1
0
2
2
2
1
1
1
2
1
1
2
0
3
2
1
1
2
3
1
3
1
0
3
2
0
1
0
0
3
0
0
2
0
2
1
0
3
1
2
4
0
0
2
3
3
1
1
2
0
2
2
3
1
1
1
2
0
3
1
0
2
2
1
2
0
4
4
0
0
2
1
1
2
1
2
2
0
4
2
1
0
5
1
0
1
1
1
4
0
1
1
1
1
0
1
1
1
1
0
5
0
3
2
1
1
2
2
2
0
3
2
2
0
2
0
1
1
1
2
4
0
0
1
2
2
1
1
4
0
0
3
2
1
2
1
1
1
1
1
0
1
1
2
3
2
1
1
1
1
1
1
0
0
5
1
3
0
3
0
1
0
3
0
0
1
1
1
0
0
0
0
2
2
1
5
3
2
0
2
1
0
1
0
3
0
0
5
0
0
1
2
1
1
2
0
1
0
2
1
0
3
0
1
2
1
1
3
2
0
3
0
1
1
1
1
1
0
1
1
0
0
0
1
0
2
2
2
1
2
0
1
3
1
1
2
2
0
4
1
2
2
4
1
0
2
1
2
0
1
0
2
2
0
1
0
1
2
1
3
1
2
2
1
1
0
1
1
0
1
1
1
1
1
2
1
1
0
1
3
2
1
1
1
1
0
0
1
3
2
4
1
0
0
0
0
1
0
0
1
0
1
1
3
0
2
2
3
0
0
0
0
3
1
0
4
1
1
1
1
3
0
0
0
1
0
6
0
2
1
4
2
3
1
0
1
3
2
1
2
0
1
3
1
1
1
1
2
0
3
4
2
2
1
0
1
2
4
0
1
2
1
2
1
2
3
3
0
1
2
0
1
0
0
3
1
2
1
1
2
0
1
1
3
3
2
0
1
0
1
2
1
1
1
2
5
0
2
1
2
2
0
0
4
3
1
1
0
0
0
1
1
2
3
0
1
2
1
1
3
2
1
3
0
1
0
4
2
0
4
0
1
0
0
2
1
1
0
3
2
1
3
2
1
1
1
2
1
1
1
1
2
3
3
2
2
1
1
0
1
2
1
1
2
2
2
2
2
2
1
2
2
5
2
5
2
0
3
2
0
1
2
2
1
2
1
1
2
2
1
2
0
1
1
1
0
1
1
0
1
1
1
0
1
2
3
0
0
0
0
1
1
0
1
1
2
4
1
2
1
3
0
1
2
1
3
2
3
3
1
1
1
3
1
2
1
2
0
0
0
1
1
4
5
1
0
0
1
0
1
1
1
2
2
1
1
0
2
0
0
1
0
2
1
1
0
1
1
2
0
4
1
1
0
1
0
1
0
1
2
0
1
1
2
0
1
3
1
0
1
0
0
2
0
3
1
0
2
0
2
3
1
1
2
1
0
0
0
0
1
1
0
1
1
2
1
3
1
1
1
0
0
3
2
1
1
1
1
1
4
1
2
0
0
3
2
0
2
1
1
0
0
2
3
3
2
0
0
2
0
3
0
2
2
3
0
1
2
0
0
1
0
0
1
2
3
3
2
0
1
0
0
0
0
0
2
1
0
1
1
1
1
1
0
1
0
0
0
3
0
3
1
2
3
1
0
1
3
3
2
0
1
1
1
0
1
1
1
1
0
3
4
1
1
2
0
0
3
0
2
1
1
1
0
2
0
0
0
1
1
1
5
2
0
2
1
0
1
1
1
0
1
0
4
0
3
1
1
0
1
3
2
3
0
0
0
2
2
0
2
1
3
0
1
2
0
1
3
1
2
2
1
1
2
2
1
0
0
1
2
3
0
1
2
0
1
1
0
0
1
1
0
4
1
1
0
1
2
1
0
1
0
0
2
0
1
1
1
2
0
2
1
1
5
1
1
1
1
2
0
2
0
1
1
1
0
0
1
2
2
0
3
1
1
0
0
1
1
1
3
1
0
3
0
1
1
1
0
1
2
0
2
1
1
2
0
1
1
2
0
2
1
2
1
2
1
1
1
0
1
1
1
2
1
0
1
4
2
0
1
0
1
1
4
1
1
0
2
2
2
1
0
1
2
0
0
1
1
0
0
1
2
0
1
1
1
0
1
0
1
1
1
1
0
1
0
1
0
1
3
0
0
3
1
1
2
1
0
2
1
1
1
1
2
2
3
0
0
1
0
0
1
2
0
0
4
3
2
4
1
1
3
2
2
1
0
1
0
1
0
0
1
2
0
1
0
0
2
2
0
0
0
2
2
0
1
1
0
2
1
0
1
1
1
2
1
3
1
2
3
3
1
2
2
2
2
1
2
0
5
0
3
2
2
2
1
1
1
4
1
0
0
0
0
1
1
0
5
2
2
1
0
3
2
1
3
1
2
0
0
1
2
0
0
0
1
0
0
2
2
0
2
2
2
3
1
3
1
2
1
0
1
3
3
2
1
2
3
0
1
1
0
1
0
0
1
0
1
0
0
0
1
0
1
0
1
2
1
0
0
1
1
0
4
3
0
3
1
1
2
2
1
0
0
1
3
1
3
2
0
2
0
1
1
1
2
0
1
1
2
0
3
0
1
0
0
1
1
3
1
1
2
0
0
0
2
0
1
2
1
1
2
2
0
1
1
1
3
5
0
0
1
0
0
3
1
1
0
2
3
3
1
0
0
2
1
0
0
2
1
3
4
2
1
3
1
1
1
0
0
0
3
1
2
0
2
0
4
1
1
0
0
0
1
1
0
0
2
1
1
0
1
0
2
1
0
2
0
1
0
0
0
1
4
1
0
4
1
2
2
1
0
3
1
0
1
0
0
0
0
1
1
0
1
0
3
0
1
0
2
2
1
0
2
1
2
2
4
1
2
2
2
0
0
2
2
2
1
0
0
3
3
0
0
2
1
4
2
0
0
1
1
1
1
0
1
0
1
0
2
0
0
0
0
2
0
2
0
0
3
1
1
0
2
1
0
1
3
2
2
0
2
0
1
1
1
0
0
1
2
1
1
0
1
3
0
0
1
0
2
3
2
1
0
1
0
0
0
1
0
0
0
4
3
0
0
5
1
1
1
2
0
0
3
1
0
1
2
0
1
0
1
0
1
3
0
1
0
1
0
2
1
1
1
1
1
0
0
2
0
1
3
2
0
1
0
0
1
0
1
0
1
3
2
1
1
1
0
0
2
0
3
2
2
2
2
1
0
0
1
0
0
2
1
3
0
1
1
1
1
1
4
3
1
0
1
3
0
1
2
5
0
2
1
3
1
2
1
0
1
0
2
2
0
0
3
1
0
1
0
1
1
0
0
0
4
0
2
4
1
2
0
1
0
1
0
2
0
2
2
0
2
0
0
1
2
2
1
2
2
1
2
1
1
1
2
0
1
1
1
1
0
1
1
1
2
0
0
2
0
2
1
2
3
0
0
2
0
3
1
3
0
2
1
2
0
0
1
1
1
0
1
0
2
0
2
0
0
1
1
1
1
0
0
0
0
1
1
0
0
1
1
0
3
1
1
1
1
0
1
1
1
1
1
0
1
0
1
1
0
0
0
0
1
1
1
4
1
2
1
2
2
0
2
0
1
1
0
1
1
1
1
1
1
2
3
1
1
2
1
2
1
1
0
1
1
2
2
3
1
1
0
0
5
2
0
0
0
2
1
0
1
1
2
1
2
2
0
2
0
0
2
3
0
2
1
1
0
1
1
2
0
1
2
1
1
1
2
0
2
0
2
2
1
1
2
1
2
0
0
0
1
2
1
2
0
1
1
3
0
1
1
2
1
2
1
1
1
0
0
0
0
1
1
2
0
0
1
2
0
0
2
1
1
3
0
1
0
2
0
0
1
2
3
1
2
2
0
1
1
0
1
2
1
1
2
0
0
1
0
0
0
0
1
3
0
1
0
1
0
0
1
1
2
2
3
1
0
2
0
0
1
0
1
2
0
1
2
0
0
2
1
0
1
2
0
1
0
1
2
1
1
1
1
1
1
1
0
0
2
0
1
1
3
2
1
0
0
1
0
1
1
0
0
0
1
0
3
4
1
0
0
0
0
1
2
0
1
2
4
0
1
1
1
1
0
0
2
1
1
2
1
0
0
1
0
1
1
0
1
1
4
0
2
1
0
1
0
0
2
0
1
2
2
0
0
0
0
2
0
0
1
1
0
1
2
1
2
0
1
0
0
0
1
1
1
0
0
0
0
2
2
0
0
1
0
0
0
1
1
1
0
0
0
0
0
2
2
0
3
0
0
1
0
3
4
2
2
2
0
0
1
0
2
1
0
0
0
1
0
0
1
2
0
1
0
1
2
1
1
0
2
1
2
2
2
0
1
1
2
0
0
0
2
2
0
3
2
2
0
1
0
0
0
2
1
1
1
0
0
1
4
0
2
0
1
1
2
1
0
0
1
2
0
2
0
2
2
0
0
2
1
2
1
1
0
3
0
1
1
0
2
0
0
0
1
2
2
1
3
2
0
1
0
1
1
0
1
1
0
2
0
1
0
0
1
1
1
3
2
1
1
1
3
1
1
0
1
1
0
1
0
0
0
4
2
2
0
2
1
2
2
0
1
1
1
0
1
1
1
1
0
0
0
2
0
0
2
1
2
1
2
1
2
2
0
0
0
0
2
1
2
1
1
1
0
1
2
1
1
2
1
1
1
0
0
0
3
1
1
0
1
0
2
0
1
0
0
2
3
1
4
0
4
0
1
3
3
0
0
1
1
2
1
1
2
0
2
1
0
0
2
0
1
1
0
0
0
0
1
1
2
0
1
1
1
4
0
0
1
0
4
2
2
1
1
3
0
0
0
1
0
0
3
1
0
1
2
1
0
0
0
0
4
0
1
1
0
0
2
0
2
3
0
1
1
2
1
1
2
1
2
0
2
1
2
1
1
0
1
1
0
1
1
1
0
2
1
1
0
0
1
1
2
0
0
2
0
0
2
2
1
1
0
2
1
1
1
3
0
3
1
3
0
0
3
0
2
0
0
0
0
1
0
1
1
2
1
1
1
0
1
0
4
1
1
2
0
0
1
1
0
0
1
1
0
2
3
2
3
1
0
0
2
1
2
0
0
2
0
2
1
2
1
2
2
1
0
0
0
2
2
2
0
2
0
1
0
2
2
1
1
0
4
1
1
0
0
0
1
0
1
2
0
0
2
1
2
0
3
2
0
2
1
2
3
0
0
2
2
0
1
0
1
0
1
0
1
2
0
1
3
0
2
1
0
1
1
1
1
0
1
1
0
0
0
1
0
1
1
0
2
1
1
0
1
1
2
2
0
1
1
2
1
1
1
0
4
0
0
2
2
1
2
1
1
2
2
0
0
0
0
1
1
1
1
0
0
2
0
1
2
1
1
1
4
2
1
0
1
1
1
1
3
2
0
1
1
1
1
0
0
0
0
1
3
0
0
0
1
1
2
0
0
2
4
2
1
1
0
2
2
1
2
3
2
0
2
0
1
0
1
0
1
1
1
2
0
0
0
2
2
2
0
0
1
0
1
0
2
1
1
1
1
0
2
0
2
1
1
2
0
2
1
1
0
2
0
2
1
0
1
4
0
2
0
0
0
0
0
0
1
1
3
0
1
0
0
0
2
3
1
0
2
2
0
0
0
1
1
2