1005
975
982
999
948
943
1000
963
983
980
973
958
1025
970
991
1023
988
931
965
942
984
938
982
1002
1025
992
1004
987
963
949
948
978
941
966
951
970
968
939
945
954
988
966
1016
1065
984
1039
968
988
969
961
983
990
960
984
964
970
1002
928
965
1030
956
988
961
928
1033
957
984
920
974
943
941
927
1028
1008
1024
956
908
979
976
965
959
945
959
986
967
940
900
974
975
978
1004
980
917
974
1007
968
941
963
935
968
980
926
983
1010
1011
961
966
993
994
1001
993
960
987
926
1007
978
982
974
989
993
956
953
933
966
954
981
1039
967
973
1047
981
942
1009
987
929
1008
964
966
995
937
976
1029
956
982
1013
992
957
919
965
972
1020
987
961
997
957
943
995
936
983
1012
942
985
1010
982
1019
969
968
962
996
958
977
978
987
962
968
942
998
1027
942
1001
970
998
980
952
1005
968
951
973