111712
6924
3930
2659
2095
1570
1378
1207
1072
922
883
767
765
737
665
597
596
524
543
510
483
465
444
410
416
386
342
368
323
308
332
328
315
301
306
277
293
290
284
300
279
255
287
255
260
238
217
256
257
236
207
227
241
202
210
220
214
216
218
175
232
201
195
195
183
182
188
197
177
200
183
197
183
156
192
173
207
169
178
169
190
146
161
176
181
162
188
195
185
156
175
178
162
150
157
142
159
143
146
145
136
158
169
140
159
175
161
153
126
166
166
155
149
140
142
142
155
161
163
151
163
149
130
134
136
140
139
133
129
147
130
130
142
127
158
129
143
154
140
136
153
132
141
123
159
149
140
128
134
142
133
131
136
127
143
147
138
136
155
132
123
130
137
145
118
125
145
135
129
146
134
118
134
109
146
113
124
124
135
125
128
130
132
135
116
131
120
118
134
116
109
140
123
112
124
144
125
139
122
127
101
126
112
108
123
135
122
119
122
111
137
98
143
134
115
121
104
107
114
124
135
132
119
117
100
144
114
130
118
130
128
124
109
117
112
140
112
109
110
145
115
102
119
113
127
112
109
110
118
106
119
103
112
117
111
119
129
95
95
94
110
112
117
109
115
119
116
124
105
153
110
104
116
108
112
130
109
114
110
118
129
107
131
127
133
116
115
99
107
101
100
108
106
116
104
121
99
102
122
103
110
110
110
105
142
114
114
109
113
115
102
93
112
112
98
90
95
122
123
95
121
121
110
109
122
116
97
93
103
116
111
100
113
130
97
122
100
115
110
117
124
93
109
108
98
116
111
91
106
116
115
110
111
123
87
90
114
109
97
95
87
115
102
111
108
109
100
105
93
103
98
99
107
89
100
106
97
124
104
111
102
112
105
111
109
113
110
109
107
113
116
95
103
112
88
116
92
91
104
89
91
95
89
77
89
108
80
112
111
109
93
119
95
106
116
106
98
106
115
112
101
114
117
97
100
87
86
84
89
104
116
112
98
108
104
97
113
83
93
99
101
107
102
121
85
121
101
96
114
95
100
102
107
97
96
108
98
92
109
87
91
109
102
106
107
108
66
104
100
103
100
102
107
92
96
105
97
117
89
90
110
110
108
98
100
102
86
85
97
102
84
79
105
99
103
112
96
91
94
73
98
91
97
120
84
100
100
98
90
103
122
91
104
96
90
134
113
84
92
116
103
80
91
106
90
99
90
95
92
104
103
95
108
87
106
104
99
85
95
83
118
106
87
95
99
104
104
91
94
102
91
105
93
101
88
91
105
91
104
93
93
91
94
105
98
90
79
90
96
93
98
95
106
101
97
110
83
91
97
95
9