117025
6651
3741
2553
2055
1643
1444
1142
1099
1021
869
862
737
698
591
617
596
581
534
551
477
493
436
450
436
432
435
437
360
407
351
358
349
380
362
325
364
357
341
338
339
338
308
323
320
314
310
316
252
277
268
284
274
273
275
267
273
292
284
287
239
260
256
266
226
229
263
246
215
291
228
241
231
223
245
253
251
219
232
270
219
222
217
258
220
242
251
227
235
232
219
216
238
227
228
231
207
212
228
210
225
213
203
191
231
218
237
231
184
207
230
203
183
222
215
211
214
215
215
203
201
181
193
192
183
206
213
194
208
219
196
194
183
200
221
245
192
211
206
190
207
181
191
215
205
209
190
203
179
222
180
208
195
184
194
211
191
178
211
181
170
194
193
207
175
187
183
192
176
211
184
212
179
172
186
174
162
189
176
185
184
204
161
203
181
192
178
174
170
182
175
172
197
173
155
203
194
167
190
156
169
191
161
184
171
176
186
185
166
183
155
177
168
171
174
197
190
177
158
184
190
189
176
180
167
211
161
178
163
195
173
156
166
170
168
187
168
172
174
175
165
154
167
164
156
180
173
168
173
176
176
168
171
173
189
182
193
174
175
156
172
182
179
165
179
187
183
172
167
171
171
164
156
184
153
205
164
169
151
186
170
163
159
167
177
174
139
172
156
163
176
155
163
165
157
168
180
195
147
201
161
167
178
159
160
169
147
183
171
145
119
174
163
161
149
189
179
151
141
160
172
151
154
178
142
152
158
155
155
165
152
165
145
146
175
159
191
147
155
168
171
145
153
153
134
160
155
117