117661
6601
3837
2671
2070
1606
1367
1189
1116
954
846
842
811
743
699
628
582
602
550
522
531
470
457
481
463
442
428
373
378
380
391
397
379
345
384
390
334
326
319
308
344
317
302
299
348
275
316
294
288
286
298
292
267
278
246
218
266
265
279
257
260
256
258
238
245
272
275
242
256
247
263
239
220
243
237
256
259
229
257
225
270
216
214
238
226
245
225
245
224
211
216
216
248
218
205
228
205
215
202
207
216
212
176
196
227
223
229
185
208
199
210
184
182
224
215
195
195
222
208
203
201
169
232
188
177
205
190
190
192
231
225
204
192
184
198
183
187
172
216
208
204
181
203
193
206
208
199
195
197
198
192
189
184
175
182
178
188
184
174
194
194
176
170
201
168
199
178
167
178
178
180
177
191
195
200
184
187
177
176
178
205
188
200
186
185
191
174
156
199
201
186
203
175
160
167
184
174
179
186
179
161
182
178
195
173
164
186
159
169
189
188
181
182
145
160
161
178
202
158
175
164
168
176
188
174
162
171
176
176
160
176
168
164
176
166
189
174
162
187
164
186
180
163
186
157
163
194
155
161
176
181
145
159
192
184
159
165
139
145
157
166
156
160
182
189
191
187
137
163
148
157
144
194
174
179
157
178
171
165
171
169
159
162
178
173
180
168
148
176
167
203
186
175
164
156
156
150
172
159
157
169
168
146
169
171
152
180
171
174
147
171
164
143
186
162
152
165
173
156
150
188
174
170
157
170
156
159
176
142
171
155
182
158
162
143
165
148
140
163
162
144
147
145
164
163
157
159
143
165
160
147
174
139
104