122570
6310
3565
2678
2040
1618
1435
1345
1232
1093
995
902
856
829
803
734
709
687
694
659
642
622
536
567
545
552
547
534
479
508
483
495
508
508
468
455
490
439
488
494
421
457
436
392
460
449
458
406
432
371
467
424
404
439
404
404
396
369
412
399
413
427
382
375
379
398
392
403
382
367
404
390
379
395
412
382
372
365
342
381
348
396
342
368
370
398
375
344
318
350
347
362
363
386
323
361
342
333
319
342
327
322
318
324
341
360
376
342
309
356
341
362
330
348
336
329
339
348
348
299
334
319
344
326
350
333
317
325
345
302
359
344
292
307
317
295
336
332
305
306
312
284
317
357
336
298
284
334
326
299
283
316
297
316
311
323
318
331
302
320
316
326
331
322
280
316
294
281
323
307
311
338
278
344
308
281
319
329
300
162