124665
6354
3747
2662
2053
1738
1472
1260
1206
1075
969
959
804
799
843
725
747
706
652
691
719
602
584
593
573
554
576
586
556
539
506
499
538
484
471
470
472
482
436
447
462
454
431
457
417
441
435
416
400
433
437
427
406
390
392
391
388
399
415
392
393
394
387
360
419
377
404
373
384
390
370
386
397
375
387
375
401
378
356
375
380
406
389
385
347
381
364
391
393
332
348
376
355
322
340
349
345
364
377
358
382
360
348
328
375
390
315
367
348
330
355
311
367
333
325
335
373
350
333
353
323
367
324
324
342
340
336
331
359
360
324
319
324
350
328
369
319
309
343
336
348
302
343
322
265
342
305
313
320
289
330
323
315
343
283
306
312
321
312
321
264
310
296
310
307
334
345
298
315
324
308
319
302
321
329
282
326
315
85