123709
6441
3682
2571
2115
1656
1478
1220
1162
1048
982
952
806
824
801
741
736
721
719
658
643
631
637
621
599
532
545
503
514
522
519
516
527
524
469
485
460
483
453
455
448
447
471
503
464
473
465
447
404
454
422
416
442
405
397
415
423
445
426
380
384
418
403
408
408
409
374
394
384
400
384
405
413
416
374
375
385
362
411
386
366
363
399
382
370
360
373
333
383
355
378
356
367
402
347
364
383
350
348
333
392
378
358
358
357
371
362
374
344
321
350
345
333
356
346
365
343
353
366
345
343
342
339
365
392
315
342
363
353
334
341
310
327
357
337
336
309
362
365
340
323
357
354
351
307
333
325
318
325
342
334
328
342
303
333
365
308
328
349
347
328
332
341
366
324
300
333
310
305
313
330
315
333
105