112629
6976
3872
2790
2050
1634
1413
1262
1098
958
856
816
678
648
657
629
563
527
565
506
457
490
436
432
430
379
372
397
345
308
317
355
310
315
294
303
283
288
281
305
272
261
239
287
240
235
241
252
204
237
217
247
240
244
235
231
202
240
209
211
182
200
209
196
195
213
183
198
204
196
176
194
165
168
209
181
162
164
172
207
175
178
155
151
154
189
188
152
159
163
149
153
153
184
155
160
160
168
149
161
161
148
137
162
139
160
158
147
148
154
143
168
151
164
158
144
150
137
138
145
137
140
145
166
143
146
157
137
140
130
165
162
123
139
144
135
127
103
125
119
123
132
154
150
125
132
120
147
133
138
134
137
129
132
145
140
129
134
127
131
116
128
136
105
149
110
145
138
126
127
100
105
131
141
122
152
121
120
139
133
146
111
146
109
109
116
165
127
115
106
107
117
115
115
118
119
127
125
128
124
124
126
105
120
98
116
101
119
141
126
109
112
102
115
97
114
128
95
100
123
135
125
115
89
118
99
120
127
113
130
93
99
117
100
129
136
128
113
115
123
104
115
105
116
100
101
107
116
120
115
108
92
123
96
126
113
112
119
109
97
91
116
115
105
120
112
125
107
105
112
107
88
105
103
127
110
122
111
99
114
83
111
115
112
127
109
86
108
106
105
109
116
100
107
115
92
92
96
104
102
125
123
98
95
110
116
88
111
112
127
116
103
101
117
102
102
113
113
109
133
87
119
92
128
115
111
105
107
127
97
94
111
118
99
102
108
102
112
88
111
117
99
101
122
100
95
93
109
101
109
105
96
98
108
103
90
105
101
107
98
91
92
100
112
105
97
91
110
106
104
116
107
101
95
113
103
99
97
113
111
99
107
91
108
112
107
115
111
101
88
89
92
101
98
107
96
99
99
88
81
118
86
99
106
93
107
82
109
121
104
88
110
106
108
115
121
101
110
92
113
105
103
84
102
106
100
102
88
117
93
83
93
95
85
104
82
115
81
91
97
98
93
110
96
86
100
100
113
99
95
102
93
110
91
90
91
108
103
94
91
95
92
87
100
107
94
99
89
98
108
96
95
84
105
115
96
100
106
92
101
108
100
93
95
94
77
97
89
81
92
101
113
99
97
95
106
99
97
105
97
93
90
90
103
109
99
106
76
82
94
110
94
114
102
98
105
92
100
78
86
91
106
90
114
87
96
97
96
113
89
99
93
100
102
111
109
88
114
111
87
92
95
92
88
85
94
96
91
83
89
84
98
73
85
93
86
84
92
92
96
99
82
102
92
91
100
92
105
105
97
95
83
112
87
91
114
87
98
106
94
105
86
110
101
94
83
85
77
98
95
93
88
106
100
55