116038
6630
3688
2603
2070
1597
1387
1218
1087
942
822
812
727
726
690
622
617
552
531
512
450
491
500
440
421
380
418
368
397
385
387
372
423
305
342
362
332
340
360
316
316
348
295
292
273
299
306
271
294
312
293
300
301
281
252
261
240
225
258
254
263
279
272
236
227
228
280
224
220
218
248
239
231
217
248
219
226
230
222
222
238
239
211
218
217
251
235
197
226
239
225
207
233
195
215
209
193
205
171
221
198
212
194
189
209
214
216
227
176
191
214
217
207
190
186
195
186
217
194
193
203
190
220
176
208
173
207
176
187
184
185
196
211
193
202
186
175
180
209
193
216
203
176
164
205
178
203
228
169
199
190
191
168
177
180
212
192
187
211
165
181
175
155
153
176
196
189
203
180
180
157
177
181
184
164
176
191
178
182
180
199
161
204
162
178
195
174
171
176
191
197
185
181
162
180
178
167
178
188
177
173
155
171
201
186
177
164
193
174
164
186
182
167
175
160
162
182
187
160
173
157
177
166
169
150
159
170
152
187
166
174
191
174
179
175
166
157
160
159
165
180
168
170
145
143
171
177
147
170
149
157
171
151
157
167
153
168
177
186
155
147
157
165
160
176
147
163
162
150
153
177
162
154
152
164
166
136
161
185
166
155
147
178
159
160
157
172
157
172
170
147
162
168
142
164
166
163
162
159
177
148
161
162
154
170
178
151
168
148
170
168
155
176
172
143
168
165
147
172
161
153
154
144
154
146
152
132
167
146
166
147
140
166
175
126
147
162
192
160
157
151
148
162
175
162
135
168
149
144
169
169
161
170
152
163
154
146
86