111047
6835
3935
2689
1992
1660
1401
1197
1055
943
910
768
742
696
641
570
581
541
532
440
464
462
417
395
361
337
350
341
332
354
318
307
293
286
290
266
266
285
282
263
285
254
271
247
270
253
239
212
248
263
209
239
216
206
213
208
198
204
203
219
202
201
201
216
223
177
195
173
210
206
182
187
162
196
177
163
145
181
149
167
173
177
181
153
181
170
165
153
167
173
148
159
149
174
164
164
176
159
136
171
155
138
150
142
161
144
138
160
154
138
142
157
132
155
173
149
157
145
153
155
147
157
161
132
152
153
127
115
130
155
152
137
145
130
122
119
129
138
118
125
154
134
132
128
127
135
133
130
125
131
116
126
139
136
112
110
130
138
102
140
122
127
129
120
148
130
117
122
118
126
115
120
113
113
128
119
128
94
128
126
121
131
137
128
98
127
129
130
116
130
103
119
121
107
111
115
120
114
140
129
111
112
126
110
132
109
112
118
116
98
113
127
119
118
107
102
115
124
119
96
97
115
110
131
108
119
127
117
109
113
110
108
122
109
102
113
112
106
112
110
106
106
133
113
108
120
104
126
112
108
107
99
111
117
121
96
103
88
105
98
123
93
111
94
111
133
109
128
124
100
99
117
117
101
119
120
95
106
101
110
106
124
94
102
123
102
100
128
105
89
114
110
92
105
88
112
99
110
109
91
101
102
113
92
102
112
102
96
112
113
110
110
106
103
99
109
122
96
106
120
92
99
88
107
98
100
109
105
101
103
110
100
95
100
92
104
110
103
101
107
106
98
102
102
94
107
112
93
88
109
114
106
112
97
100
89
99
87
101
98
96
113
100
104
93
101
105
102
100
102
98
123
91
97
111
104
110
98
112
76
110
93
94
102
97
98
114
93
101
82
112
98
89
113
104
97
111
94
101
91
110
114
100
80
103
127
86
81
91
97
102
102
99
118
109
101
92
95
96
103
94
101
100
104
92
95
93
84
92
98
113
98
78
112
95
98
108
119
92
91
110
104
114
79
95
93
107
96
84
109
93
106
102
100
101
92
80
95
90
96
95
87
92
112
87
85
94
83
94
103
110
75
89
91
101
105
97
83
92
99
101
113
96
94
102
93
98
98
105
95
77
85
92
99
106
102
100
85
87
83
115
94
88
99
123
105
89
76
77
95
103
95
91
96
86
97
97
80
93
81
94
96
93
88
102
96
91
96
82
92
94
99
100
103
94
87
87
91
117
107
82
92
91
91
102
93
99
98
81
88
92
99
97
79
94
101
108
88
106
109
95
83
83
94
84
91
93
105
79
86
87
93
91
105
96
73
78
90
77
86
77
93
118
93
74
109
106
95
99
87
92
89
77
100
96
109
88
93
90
68